IID	AGE	GENDER	BinaryPheno	OrdinalPheno	QuantPheno
f1_1	60.1220630549476	1	0	0	31.079658080591
f1_2	60.0229441029235	1	0	0	31.1276940159475
f1_3	59.701160775575	0	0	0	30.485653901175
f1_4	59.8571681066774	0	0	0	29.4174137735708
f1_5	60.1874751421545	0	0	0	30.1843210783779
f1_6	59.6977869835531	0	0	0	27.9865283913408
f1_7	61.1808574864253	1	0	0	28.5719726242883
f1_8	58.76845378772	1	0	1	30.7957521738675
f1_9	62.1608864235725	1	0	1	30.6098222575708
f1_10	60.8430820173664	0	0	0	30.4539645865132
f2_1	60.9403319936498	1	0	0	30.9284651943114
f2_2	60.7896340636857	0	0	1	31.4710186407026
f2_3	60.1154767335811	1	0	0	31.3259648192373
f2_4	59.4532297959794	1	0	0	28.1707170527184
f2_5	58.2751544277076	1	0	0	29.6709435669287
f2_6	60.3453958842095	1	0	0	31.552390723739
f2_7	60.2460492506195	1	0	0	30.6665942757683
f2_8	60.0671062704389	1	0	0	31.6441351366331
f2_9	60.0703817823876	0	0	0	32.3471308588218
f2_10	61.4987385717919	1	0	0	30.6326575086884
f3_1	59.5255945521068	1	0	0	31.4312646717698
f3_2	57.4803886674636	0	0	0	27.9621449594692
f3_3	59.4271311092144	0	0	0	30.1755641087874
f3_4	60.6095539309403	0	0	0	30.942680818175
f3_5	60.0412217205202	1	0	1	32.3965971961919
f3_6	60.0616082242455	0	0	0	30.1164404865988
f3_7	61.1492947847447	0	0	0	31.1555837569178
f3_8	59.6153363558921	0	0	0	28.6659296107299
f3_9	59.8986242920837	1	0	0	29.3811890122173
f3_10	58.9295822263213	1	0	0	29.8783411276902
f4_1	59.7292139129433	1	0	1	30.5516138589598
f4_2	60.7723704802486	0	0	0	30.2229662214272
f4_3	60.7427264217409	1	0	0	30.6344358216881
f4_4	59.4022757852053	1	0	0	31.0813924545375
f4_5	58.9282127199243	1	0	1	28.9930367774803
f4_6	61.6644769079948	0	0	0	30.7885162376078
f4_7	60.1231641282589	0	1	2	30.000863153699
f4_8	60.5510312409798	0	0	0	30.7538211080448
f4_9	60.3031718433392	0	0	0	31.51567499154
f4_10	61.3360594598404	0	0	0	29.7159031986381
f5_1	60.0011367516392	1	0	1	30.452868156507
f5_2	60.3859515491407	1	0	0	31.8803988870839
f5_3	60.4536523365019	1	0	0	30.0594498938408
f5_4	59.7181869576657	1	0	0	31.8124818142532
f5_5	60.3933119281648	0	0	0	29.4038286586823
f5_6	60.1298895995212	0	0	0	31.8106495751316
f5_7	60.6668945200286	1	0	1	31.3545324632876
f5_8	59.2312840954573	0	0	0	29.5106676505856
f5_9	60.8754332429477	1	1	2	30.4714492461813
f5_10	60.9587992907996	1	0	0	32.100177353706
f6_1	60.1344706328684	1	0	0	31.3934965044566
f6_2	60.0224596457014	0	0	0	28.4713261420058
f6_3	59.651783697229	0	0	0	30.0015379127242
f6_4	59.7762672878905	0	0	0	29.7242133352377
f6_5	60.5375402733195	1	0	0	31.5743436782593
f6_6	59.3588119563759	0	0	0	30.1113261674322
f6_7	59.2617538829524	1	0	0	28.6942941943383
f6_8	62.0562377349117	1	1	2	30.8570768097432
f6_9	59.3031505817127	0	0	0	30.0993667471662
f6_10	61.0351057744177	0	1	2	30.6777407931437
f7_1	59.5614496089579	0	0	0	28.9601427488859
f7_2	59.4409741715354	1	0	0	31.2347228190309
f7_3	60.0119741824281	0	0	0	30.6021002451906
f7_4	59.4576613705678	0	0	0	29.3575760178492
f7_5	58.2944177013401	1	0	0	30.0377495875111
f7_6	61.4770953444097	0	0	0	31.8770484668238
f7_7	60.2934994238864	0	0	0	28.4214522078883
f7_8	61.2285783794981	1	0	0	30.2367460338907
f7_9	58.7575553000718	1	0	0	30.5064204980775
f7_10	60.8352173279898	1	0	0	30.4469410607601
f8_1	59.2628174568525	0	0	0	32.1021777446958
f8_2	61.5185146574386	0	0	0	30.5948822810784
f8_3	60.8180766566223	1	0	0	30.7576693571732
f8_4	59.8942992575243	0	0	1	30.7952585585703
f8_5	59.3927631646796	0	0	0	28.9199478509371
f8_6	61.3953445179903	0	0	1	30.8875319840963
f8_7	60.1700909199816	0	0	1	28.6640627559483
f8_8	60.6096220395588	0	0	1	31.6306307286256
f8_9	60.1446988415164	1	0	0	31.6754735790312
f8_10	59.7119834565588	0	0	0	30.5448695581153
f9_1	59.2790244401307	1	0	0	30.1984113418474
f9_2	60.3183966443959	1	1	2	30.4385643730747
f9_3	59.453124828052	0	0	1	29.7584583943535
f9_4	58.7908401744398	0	0	0	28.2873958492261
f9_5	59.2533624068817	0	0	0	30.5268710421614
f9_6	57.9025292528159	1	0	0	28.8155561787166
f9_7	62.047516154814	1	1	2	30.4010030081364
f9_8	58.7910254653029	0	0	0	29.2402351678628
f9_9	61.1876605377071	1	0	0	30.4628544094385
f9_10	60.1586209168557	1	0	0	30.6303432715647
f10_1	61.0361033038027	1	1	2	31.2631577987539
f10_2	61.2827581731717	1	0	0	31.0506799501936
f10_3	58.7788693725952	1	0	0	32.1586310480171
f10_4	59.4777603439236	1	0	0	30.2798885185228
f10_5	59.4065635650347	0	0	0	28.5028137451738
f10_6	59.9806909885842	1	1	2	30.9432567176169
f10_7	60.1712857087163	1	0	0	30.3965423514367
f10_8	59.4172931790596	1	0	0	32.042159251649
f10_9	60.8270465282218	0	0	1	30.9305542134853
f10_10	59.7936789764543	1	0	1	30.435604292938
f11_1	59.0215920823348	0	0	0	30.5828872845616
f11_2	59.3007635347572	0	0	0	31.2584111660428
f11_3	58.9026332796635	0	0	0	30.0343710116091
f11_4	60.0872905935458	1	0	0	30.5912020990829
f11_5	60.4302674481301	1	0	0	30.4498870273748
f11_6	61.2629552090051	1	1	2	30.1995369727449
f11_7	60.1198860870173	0	0	0	29.9727003172953
f11_8	60.3276592182369	1	0	0	31.4507939568707
f11_9	61.4486472740236	1	1	2	32.8053406057266
f11_10	59.2357111032224	0	0	0	31.3634628201007
f12_1	60.0415978490967	0	0	0	31.4208290101344
f12_2	59.9416834546406	0	0	0	30.1236211460159
f12_3	59.8524492824306	0	0	0	29.1467001433536
f12_4	60.2949677395261	1	0	0	30.4564523042481
f12_5	59.9533831227281	0	0	0	31.2186055904307
f12_6	60.4429247304219	1	0	0	31.5969992325127
f12_7	59.0260871277236	1	0	0	29.8439990136889
f12_8	60.5495542110579	1	0	0	28.7409545285245
f12_9	59.5900495961673	0	0	0	29.5652026439979
f12_10	59.9184825035511	0	0	0	30.5693518567116
f13_1	59.0093606977601	1	0	0	31.9745835965092
f13_2	60.4367442932324	0	0	0	30.0446054609918
f13_3	60.5151548114529	0	0	1	29.285001992094
f13_4	58.3381430689091	0	0	0	30.2220050553708
f13_5	60.0222210955664	0	0	0	30.6506584677526
f13_6	58.5460429841741	0	0	0	30.3467973805255
f13_7	59.3570325231912	0	0	0	28.8716565647258
f13_8	60.7844565312049	0	0	0	29.3066684724655
f13_9	59.0549798213991	1	0	0	27.2460500087425
f13_10	58.4464240695001	1	0	0	28.0650238675532
f14_1	58.9793269574335	0	0	0	27.5849533228859
f14_2	60.2867561178028	1	0	0	31.6784279905845
f14_3	61.5928424694458	1	0	0	30.9483118505717
f14_4	59.6041874956468	0	0	0	28.0437622417216
f14_5	61.8806550068449	0	0	0	31.294841136152
f14_6	59.4215420627916	1	0	0	29.484625055589
f14_7	59.3632951198228	1	0	0	31.6861965372793
f14_8	59.7810055845324	0	0	0	28.8871168452752
f14_9	60.5641298995659	0	0	0	27.8581013830355
f14_10	59.1328110929307	1	0	0	30.3904734975491
f15_1	59.0977233013621	0	1	2	30.2363234046964
f15_2	61.7083977612419	0	0	0	30.5547452160211
f15_3	58.6286398669021	1	0	0	30.2819711674503
f15_4	58.338256375024	1	0	1	28.986275217226
f15_5	59.2351564867978	0	0	0	28.7147547817026
f15_6	60.372696621161	0	0	0	30.7661663756507
f15_7	60.8292284242449	1	0	1	30.3327234059779
f15_8	57.5759601634566	1	0	0	27.8548450485594
f15_9	60.2985867039624	0	0	0	31.6108469828694
f15_10	59.7287110846504	0	0	0	31.2082341243786
f16_1	60.7271837856106	1	0	0	28.7141712082612
f16_2	60.5252791876238	0	0	0	29.5875059376305
f16_3	60.3413590602993	1	0	0	29.6037780781846
f16_4	59.6672361937329	1	0	0	29.9467617602964
f16_5	57.959255588282	0	0	0	30.5430048983769
f16_6	59.0891600882568	1	0	0	31.4729422745489
f16_7	59.8666315883861	1	0	1	31.1699069508018
f16_8	59.4046560644579	1	0	0	29.3453725649363
f16_9	60.5764130289677	1	0	1	30.1293028821926
f16_10	59.8245287397093	1	0	0	30.2627230694987
f17_1	59.7600299667092	1	0	0	30.2915647724852
f17_2	59.8772014868836	0	0	0	28.3259820163758
f17_3	57.6423824459176	0	0	0	28.5208509658227
f17_4	61.5765590163117	1	0	0	31.4020470120075
f17_5	61.5210616789876	1	0	0	32.7681968966499
f17_6	58.5648518721175	1	0	0	30.8386651569819
f17_7	60.8451296355107	1	0	0	30.6893355506776
f17_8	59.8123089147312	0	0	0	30.0461047138026
f17_9	59.0232453155732	1	0	0	30.4108628458936
f17_10	60.2717714664178	1	0	0	31.5784673020464
f18_1	59.0535875616887	0	0	0	29.0152119942795
f18_2	61.2377473853432	0	0	0	31.3917566250452
f18_3	60.7980986010489	0	0	0	31.2171605741848
f18_4	58.322490505566	0	0	0	29.2742758638745
f18_5	61.6450487255735	1	0	0	30.8518651883982
f18_6	60.4127811346355	0	0	0	29.4214690212538
f18_7	59.9928032634508	0	0	0	31.0859693613933
f18_8	60.8677320917622	1	0	0	30.3065847094743
f18_9	60.6135532679397	0	0	0	29.6227971872598
f18_10	61.5243026391891	1	1	2	30.7571914872373
f19_1	58.8569884813555	0	0	0	29.0800270201949
f19_2	58.274560252745	1	0	0	29.6612946071387
f19_3	61.7814171478615	1	0	0	31.9130319583656
f19_4	62.3235229508901	0	0	0	30.6959444551605
f19_5	59.8764959480706	0	1	2	29.2041474459617
f19_6	60.8501401451184	1	0	0	30.2618270967017
f19_7	59.4511469684678	1	0	0	31.8282568143822
f19_8	59.7963745177538	1	0	1	30.621639543522
f19_9	58.451034976481	0	0	0	30.7026751476827
f19_10	60.8748525340667	1	0	0	31.7739715268363
f20_1	61.6942406723092	1	0	1	29.8389729960171
f20_2	61.2027054946719	0	1	2	29.879545560887
f20_3	60.9936354719483	1	0	0	31.5036109354856
f20_4	59.5625063690409	0	0	0	30.8625017828474
f20_5	58.7839965742873	1	1	2	29.2566786335628
f20_6	58.6397298510249	0	0	0	29.329845343637
f20_7	60.2952914592847	1	0	0	29.9710394889057
f20_8	59.1076108605128	1	0	0	30.0900824394886
f20_9	60.3937520932662	0	0	0	30.3337981287413
f20_10	60.9642768837028	1	0	0	29.6130102374179
f21_1	59.9997817433154	0	0	1	30.3875437577388
f21_2	59.6555989569855	1	0	0	31.4550160057733
f21_3	60.072948907226	0	1	2	29.5539708475902
f21_4	60.3925117419847	1	0	1	28.9607116569872
f21_5	60.0763978180559	0	0	0	29.8750889864839
f21_6	59.2958496152145	1	1	2	29.6230660718782
f21_7	59.0661825020729	1	0	0	31.5541811705252
f21_8	61.856973144967	1	0	0	32.2275298977157
f21_9	59.6701666479235	0	0	0	29.152515816194
f21_10	59.1462843969742	0	0	0	29.999753754995
f22_1	60.8949527792971	0	0	0	30.8766976524727
f22_2	59.5135605557859	1	0	0	30.7265073102144
f22_3	59.0714363012522	0	0	0	29.1663754889361
f22_4	59.0254036550394	1	0	0	28.7960417248629
f22_5	60.1095135833111	0	0	0	30.4532037917875
f22_6	59.9647978642239	1	0	0	30.3913450588868
f22_7	59.02349930974	0	0	1	31.2054181428153
f22_8	59.7573734315102	1	0	0	30.9659379736345
f22_9	61.7062965970445	1	1	2	31.2442692659625
f22_10	61.0293860278441	1	0	0	30.99779088091
f23_1	58.4512266946388	1	0	1	27.9154261363117
f23_2	58.6540556392779	1	0	0	28.966155290109
f23_3	59.9948682984317	1	0	0	30.0518912518687
f23_4	58.5390166225226	0	0	0	28.3965639657271
f23_5	59.487564646348	1	0	0	27.6729978064841
f23_6	58.9776110018391	1	0	0	29.6660227233013
f23_7	59.305521141164	0	0	0	31.5154848021084
f23_8	59.5294373620867	0	0	0	29.6530815456573
f23_9	58.0308778056751	0	0	0	29.2434519322695
f23_10	58.8536103249112	0	0	1	29.7952866164732
f24_1	60.0572938989234	0	0	0	30.2094019680429
f24_2	60.7482379085492	0	0	0	31.039048278195
f24_3	61.4312108109125	1	0	0	33.5086933725327
f24_4	58.5344750852549	0	0	0	29.116168235622
f24_5	59.3674658784298	0	0	0	29.4397557145165
f24_6	58.9352914327905	1	0	0	29.3289528071881
f24_7	59.5810086103739	0	0	0	30.1392102950505
f24_8	58.8532240411385	1	0	0	30.7349775977931
f24_9	58.8805336543809	0	0	0	30.2972493049075
f24_10	61.2131869599015	1	0	0	30.0172642750388
f25_1	59.92759849386	0	1	2	30.884476282314
f25_2	60.5115567728711	0	0	0	29.6561724685888
f25_3	59.5420498031076	1	0	0	30.4052443262496
f25_4	60.6552321230714	0	0	0	30.399410281181
f25_5	61.0578628062278	0	0	0	30.9721750560088
f25_6	59.4811507745975	1	1	2	31.2452094330328
f25_7	59.0326141986979	0	0	0	26.7136300620098
f25_8	58.6424396768167	1	0	0	29.5469213181883
f25_9	59.4631358510702	0	0	0	29.3731445458757
f25_10	60.4870815482744	0	0	0	29.0663993218488
f26_1	60.0846625037883	0	0	1	30.1123224162659
f26_2	60.276553508543	0	0	0	29.1792458444507
f26_3	59.2224469326707	1	0	0	31.9997609866906
f26_4	59.3890236780415	0	0	0	30.0549177030922
f26_5	59.282567946317	1	0	0	29.7755732047753
f26_6	60.2817412728535	0	0	0	29.5148249293751
f26_7	60.6504286162375	1	0	0	30.1301687985826
f26_8	57.4529317972605	1	0	0	30.7468609298348
f26_9	57.2880492602057	0	0	0	29.7399082417047
f26_10	58.4435359213918	0	0	0	29.8392472684936
f27_1	59.2526372939982	0	0	0	29.1046550337344
f27_2	59.6065108987238	1	0	0	28.4307270129127
f27_3	62.0464842764634	0	1	2	31.6628447429745
f27_4	58.7419089484212	1	0	0	28.3312849580762
f27_5	60.9594211545749	1	0	0	31.9549765958809
f27_6	57.9918164473482	0	0	0	28.400627319432
f27_7	60.2543996043608	0	0	0	30.723577947594
f27_8	59.9847999441565	1	0	0	31.0307671800734
f27_9	61.0880408612817	0	0	0	30.3266587808761
f27_10	59.2756503238206	1	0	0	28.7705930752393
f28_1	60.5059640026847	0	0	0	31.2060885775175
f28_2	58.7105802160595	0	0	0	28.2607040154383
f28_3	58.1679749845783	1	0	1	29.0111418410429
f28_4	60.8264313030162	1	0	0	30.2309469151366
f28_5	61.1830629084425	1	0	0	29.6853427329005
f28_6	58.9574850779416	0	0	0	30.2501482811443
f28_7	60.4837092195705	1	0	0	31.1033713355116
f28_8	60.0347179588348	1	0	0	31.0363933784886
f28_9	59.6158709090693	1	0	0	29.3271622103216
f28_10	60.9111203014925	1	0	0	31.6813539192565
f29_1	58.0326797219431	1	0	0	30.5087683527296
f29_2	61.5722731433473	0	0	0	30.7158558165095
f29_3	59.7746731096488	0	0	0	29.4596011654042
f29_4	60.2961800030474	1	0	0	30.1553045414756
f29_5	60.5258546615386	0	0	0	31.112000270334
f29_6	58.6949166646746	0	1	2	29.4983456837101
f29_7	61.5400841082268	1	0	0	31.2695314274364
f29_8	58.801863912694	0	0	0	29.8505297922818
f29_9	60.595062836653	1	0	0	30.8024431993241
f29_10	61.9931120983726	1	0	1	31.9373392479854
f30_1	61.403710037853	0	0	0	31.3441367945442
f30_2	60.9319761858521	0	0	0	29.096784514571
f30_3	59.4750692146563	1	0	0	31.1726541481223
f30_4	59.3411083493707	0	0	0	30.7894058776115
f30_5	60.1651196967942	0	0	0	30.9446303814374
f30_6	59.229278687972	1	0	0	30.1425227467121
f30_7	59.6365582997883	1	1	2	30.3849996606019
f30_8	59.6628870030949	0	0	0	28.0263205044364
f30_9	60.4197087954852	1	1	2	31.8001920896996
f30_10	60.501933616816	1	1	2	30.2213623656479
f31_1	59.7163664754571	0	0	0	30.5635822126544
f31_2	60.8641579957234	1	0	1	29.144797999015
f31_3	60.3052398328278	0	0	0	29.3677555614971
f31_4	59.0233305360036	0	0	0	28.3488358946243
f31_5	57.9352338866981	1	0	0	29.1176722682905
f31_6	58.4676836179199	1	0	0	29.0993452157546
f31_7	60.9344604638743	1	0	0	31.3114601030389
f31_8	59.4691744737708	0	1	2	30.0603952260234
f31_9	60.8755236462173	1	1	2	31.1827811498857
f31_10	61.3228222632589	1	0	0	32.0562244309409
f32_1	60.1832456948467	0	1	2	30.5076448863251
f32_2	60.5964354110634	1	0	0	31.9409995261319
f32_3	60.6402460836148	0	0	0	31.1763775852548
f32_4	61.0396410711121	1	0	0	31.0395467042155
f32_5	60.6578867744299	0	0	0	29.4283295569245
f32_6	60.091807331212	0	0	0	28.3778997768334
f32_7	59.985418047416	0	0	0	30.2696172850599
f32_8	60.0490410171449	0	0	0	31.7538278947181
f32_9	61.476633773857	1	0	0	30.1378131468931
f32_10	60.6931340152227	0	1	2	30.7715491285962
f33_1	60.4279754174734	0	0	0	30.5611369936306
f33_2	59.3945581254605	1	0	0	30.1210618729633
f33_3	60.5192327813616	1	0	0	29.2437363592539
f33_4	60.5349401950796	1	0	0	31.3948325144873
f33_5	61.7370690454591	1	0	0	31.1869432307419
f33_6	58.955424593933	1	0	0	30.767378713736
f33_7	60.475585435384	0	0	0	32.3844564557636
f33_8	59.014866652662	0	0	0	29.1273839357642
f33_9	59.530261537635	1	1	2	29.3442339396839
f33_10	60.2151588199646	0	0	0	30.2766762026477
f34_1	60.2512245582103	0	0	1	28.5243354041395
f34_2	60.7959458907519	0	0	0	30.5298363131503
f34_3	59.9909475243615	0	0	0	30.9147474034822
f34_4	60.5793747517976	0	0	0	29.5535269544602
f34_5	59.0072742649957	0	0	0	30.4084358370702
f34_6	60.164392171018	1	0	0	28.6762918862121
f34_7	59.5607875097234	1	0	0	31.8239078926908
f34_8	57.9717419796918	1	0	0	31.4087469253939
f34_9	59.5465057494339	0	0	0	30.1727051697557
f34_10	61.4266961034385	1	0	0	31.6899472655268
f35_1	59.6550028012301	1	0	0	31.5763330916045
f35_2	59.8405221739331	1	0	0	30.4956376280513
f35_3	58.5756218343675	1	0	0	29.9756950677233
f35_4	58.8958573898871	1	0	0	30.2149148928843
f35_5	58.3756073088609	0	0	0	29.4870639859788
f35_6	58.8914834832771	0	0	0	29.2985021274859
f35_7	60.6160800439493	1	0	0	30.414936057561
f35_8	59.0449349514422	1	0	1	29.8487857668269
f35_9	62.2741964061201	0	0	0	33.5109779620726
f35_10	59.94337605552	1	0	0	30.3328013308234
f36_1	60.9818601037065	1	0	0	31.5577997736911
f36_2	59.1652754156176	0	0	0	29.9585437693957
f36_3	58.9210653963387	1	0	1	27.5740426520126
f36_4	59.7580593036291	0	0	0	29.5798995550185
f36_5	60.5096859275522	1	0	0	29.2000773759051
f36_6	59.4117174157189	0	0	0	31.2996514496286
f36_7	60.5068377875168	1	0	0	31.2396586213017
f36_8	59.3243378897705	1	0	0	28.2474047697109
f36_9	60.4604542955156	0	0	0	29.5319746268818
f36_10	60.0561463282013	1	0	1	29.75807116087
f37_1	61.1714303677894	1	0	0	32.1071692426807
f37_2	60.2650456123834	1	0	0	30.1908517116489
f37_3	61.4502414441864	0	0	0	31.1645486576206
f37_4	58.7056679344582	0	0	0	29.1173946582634
f37_5	60.2280721167663	0	0	0	30.0477605676221
f37_6	59.8093213874659	0	0	0	30.2955949978199
f37_7	60.69519939943	0	0	0	30.0534044364086
f37_8	59.6016313458926	0	0	0	28.05775360893
f37_9	59.624236797454	1	0	0	29.2049631741994
f37_10	61.9577742090805	1	0	0	32.297915705235
f38_1	60.0975274157399	0	0	0	30.8765942942382
f38_2	60.8902586536634	1	1	2	31.6196402956258
f38_3	60.6978371513757	1	1	2	31.2489997974278
f38_4	60.0709398390605	1	0	0	30.9096115823884
f38_5	57.1368694281536	1	0	0	29.2309480732177
f38_6	59.4439797945317	0	0	0	28.6636648280445
f38_7	62.1579929505259	1	1	2	30.5033608219128
f38_8	60.9888945963302	1	0	0	29.6618006132034
f38_9	59.1655727052499	1	0	0	30.3807431175715
f38_10	60.1291136773645	0	0	0	31.4209324445642
f39_1	59.6074405177566	0	0	0	28.2975862165841
f39_2	59.8535474780866	0	0	0	30.1187644293509
f39_3	59.4235560736559	1	0	0	30.1753158875443
f39_4	61.0765273572416	0	0	0	30.9288315813943
f39_5	58.7327879543959	1	0	0	30.7647543759288
f39_6	59.8443783567931	0	0	0	29.5938319212923
f39_7	60.1301696369422	1	0	1	30.4913533592332
f39_8	60.6664828391306	1	0	0	31.5448816597793
f39_9	59.9043792458049	0	0	0	29.0130636120759
f39_10	61.1413282912689	0	0	0	32.1972072515098
f40_1	59.8229813727651	0	0	0	29.3979710170362
f40_2	59.7625661928632	0	0	1	29.2623580403417
f40_3	59.0683383888324	0	0	0	30.2012979334416
f40_4	59.9600919338295	1	0	0	30.6006779739573
f40_5	59.0952572473773	1	0	0	29.7114916996531
f40_6	60.0941654419028	1	0	0	29.9256504694897
f40_7	61.7718537551223	1	0	0	32.4168430142157
f40_8	60.7179185983178	0	0	0	29.8408445293269
f40_9	60.4097276707057	0	0	0	28.9525660094068
f40_10	59.5672098594154	1	1	2	31.380794326529
f41_1	58.9073942958643	1	0	0	31.1877832070604
f41_2	60.2840095093783	1	0	0	30.2765447200274
f41_3	59.378181334191	0	0	0	29.0666732238934
f41_4	56.9290112831633	1	0	0	30.4725653906005
f41_5	60.6589559782145	1	0	0	28.4580103565527
f41_6	60.5202121206164	0	0	0	32.9607211373421
f41_7	61.2637738468503	0	0	0	30.8031662451939
f41_8	60.4243944281713	0	0	0	29.2070595311087
f41_9	58.4767016479673	1	0	0	29.5529192943873
f41_10	60.9601596909819	1	0	0	30.4904409214697
f42_1	59.4646516587558	1	0	0	31.8111831789688
f42_2	60.8641876184026	0	0	0	29.8319230708763
f42_3	59.1562396520192	0	0	1	31.3629280534653
f42_4	59.6009622674179	0	0	0	29.8959794045487
f42_5	58.8351284663237	1	0	0	28.1364353904526
f42_6	58.9889988207605	1	0	0	29.5343393997539
f42_7	59.7051515902165	1	0	0	30.8948755481959
f42_8	61.0540413198662	0	0	0	31.2339851554131
f42_9	59.3777966339739	0	0	0	28.6855559941452
f42_10	58.6363612584674	1	0	0	30.7639712993164
f43_1	60.7503092460207	1	0	0	30.8625326156482
f43_2	59.7626812339968	0	0	0	28.783466938983
f43_3	60.3939218499574	0	0	0	30.1631288490379
f43_4	59.3694580887374	1	0	0	31.6331306477008
f43_5	58.7079855201893	0	0	0	29.0313730409992
f43_6	60.7492453386995	1	0	0	28.9290452609554
f43_7	60.397722783975	1	0	0	28.3141074881655
f43_8	59.9574056407711	1	0	0	28.6728049133362
f43_9	60.487587936031	0	0	0	30.5163106571442
f43_10	59.8477214897363	1	1	2	30.8379945355455
f44_1	60.1623997323142	0	0	0	28.8284916197631
f44_2	59.8232727773386	0	0	0	30.6717494908081
f44_3	59.5653338595959	1	1	2	30.6076753321031
f44_4	59.9292947685083	1	0	0	29.6377458315645
f44_5	59.326404119317	1	0	0	30.6237595184103
f44_6	60.2927107290463	1	0	1	31.4833729877948
f44_7	58.3550160591985	1	0	0	30.8042896455892
f44_8	59.7914057909114	1	0	0	30.3047971318377
f44_9	60.445607109507	0	0	0	29.7938904155108
f44_10	59.8944560759035	0	0	0	29.7032627473866
f45_1	59.2909196724944	1	0	0	30.2390630524297
f45_2	60.6999110294313	1	0	0	28.2184224967172
f45_3	60.312194543494	1	0	0	31.1708887426417
f45_4	60.586432987742	0	0	0	30.0224966419776
f45_5	60.892005258648	0	0	0	30.4445499479933
f45_6	59.9112644288843	0	0	0	31.4930165844882
f45_7	58.5209119785466	1	0	0	30.141905687544
f45_8	60.7950844760549	0	0	0	31.3149448447279
f45_9	60.5117005368195	1	0	0	31.84915148443
f45_10	59.7265686731142	0	0	0	28.2588682747514
f46_1	60.4828791220521	0	0	0	29.4604075826953
f46_2	61.9388294962863	1	1	2	29.5735649356857
f46_3	60.593498641667	0	1	2	31.9607757225045
f46_4	62.0867679620986	0	1	2	32.4170253061691
f46_5	60.4385313435435	1	0	0	29.7084547373948
f46_6	58.9455352672287	0	0	0	28.7077037221501
f46_7	59.2791682380473	0	0	0	28.9721430339571
f46_8	58.8634649379925	1	0	0	29.9607623284118
f46_9	58.4787444353505	1	0	0	30.3018330127853
f46_10	61.9639233532498	0	0	0	30.362638462893
f47_1	59.5721913367225	0	0	0	30.4888899847101
f47_2	61.2632299512185	0	0	0	30.0895533668019
f47_3	59.6086971934165	0	0	0	29.4148210984086
f47_4	60.6093706593351	1	0	0	32.1154153028981
f47_5	62.0325359343472	1	1	2	30.6163738870532
f47_6	59.0224433780291	1	0	0	30.1665061589077
f47_7	59.4333764662579	1	0	0	28.0622903507313
f47_8	59.8876719187502	0	0	0	28.9679498210383
f47_9	58.7921016329911	0	0	0	30.2485610241932
f47_10	60.3981291191811	0	0	0	30.2687832696373
f48_1	60.3369067912569	0	0	0	30.782118766221
f48_2	61.2493663941681	0	0	0	30.3845481268077
f48_3	60.5500266718822	1	0	0	30.318711118834
f48_4	60.8441118747269	1	1	2	30.5423912116419
f48_5	59.8139786368972	1	0	1	32.1122367509584
f48_6	62.5939341968191	1	0	0	32.2217846577699
f48_7	61.5343646597768	0	0	1	30.1145930163081
f48_8	58.6797307222294	1	0	0	30.2920655391474
f48_9	59.9015073369559	1	0	0	29.8633162604668
f48_10	60.3063437132492	1	1	2	30.2761297707305
f49_1	60.0527293118541	0	0	0	29.2611360591151
f49_2	58.7104818559376	1	0	0	30.0408896870614
f49_3	58.3578567562985	0	0	0	30.2193610450662
f49_4	60.3233596974929	0	0	0	30.8147715039939
f49_5	60.3342303914425	0	0	0	30.3239263641191
f49_6	59.6255595232226	1	0	0	29.3804666892513
f49_7	61.2611362363885	1	0	0	30.7625701170596
f49_8	61.0731541226821	1	0	1	32.9806421284757
f49_9	58.858697907581	1	0	0	28.0464378210964
f49_10	60.2611288935381	1	0	0	30.7423352646235
f50_1	60.5029253896289	1	0	1	30.5171712839892
f50_2	60.4038629048313	0	0	0	30.9565380426328
f50_3	61.6688292477123	0	0	0	30.834710517466
f50_4	59.3644309014824	0	0	0	29.6582464798862
f50_5	60.6142693681734	0	0	0	31.0187862314632
f50_6	60.2334665636182	1	0	0	29.5680322392001
f50_7	59.61849195984	0	0	0	28.7758909256461
f50_8	57.8865430238478	0	0	0	29.0198057183742
f50_9	61.0061746443024	1	0	0	30.082122674168
f50_10	59.4608376644642	0	0	0	28.8746614650128
Subj-1	59.6111776731442	0	0	0	31.2410028510345
Subj-2	60.1845737715422	0	0	0	29.4159551730384
Subj-3	59.6780527216477	0	0	0	30.8185966894346
Subj-4	61.4506752843207	1	1	2	31.5989475564659
Subj-5	61.0629101388482	0	1	2	29.9358228525373
Subj-6	60.2488542560339	0	0	0	31.7953036838228
Subj-7	62.2955372294248	1	0	1	33.0689513684819
Subj-8	62.3495498617642	0	0	0	31.328818593056
Subj-9	60.7260201724733	0	0	0	29.8623738621074
Subj-10	61.3163624270437	0	0	0	31.5717888242
Subj-11	60.3858491381397	0	0	0	30.0838411981928
Subj-12	60.5502711408388	0	0	0	31.3991778387512
Subj-13	58.1671794306124	1	0	0	29.3766209665633
Subj-14	60.9630286895562	0	0	0	31.3582816526188
Subj-15	61.2014093670941	0	1	2	30.8376126066636
Subj-16	59.7578303661089	0	0	0	30.5148107639843
Subj-17	59.1212036128074	1	0	1	29.3358615294017
Subj-18	60.2232506334985	1	0	0	29.4708236438693
Subj-19	59.3409775609799	0	0	0	29.4187539450905
Subj-20	59.3717289305164	0	1	2	30.0567630809992
Subj-21	59.6788018075639	1	0	0	31.0267494987137
Subj-22	59.2903279584953	1	0	0	29.5613801443707
Subj-23	61.4120081283202	0	0	0	30.6977313463256
Subj-24	60.979575978734	1	1	2	29.8692285046784
Subj-25	58.8136412686573	0	0	0	27.6990139806144
Subj-26	58.6384148955136	0	0	0	28.5204155641642
Subj-27	60.2785069396895	1	0	0	30.956976292977
Subj-28	60.0663579364919	0	0	0	29.6555815317001
Subj-29	60.3933671851977	1	0	1	32.1227886468016
Subj-30	59.1561700095966	1	0	0	29.509690982229
Subj-31	58.422320515095	0	0	0	28.7627623250631
Subj-32	59.168405412017	0	0	0	28.71226072958
Subj-33	60.8727224367755	1	0	1	30.4314466749713
Subj-34	60.5693180313712	0	0	0	29.5591372630865
Subj-35	60.1023377514813	0	0	0	29.622105541539
Subj-36	59.2302228503749	1	0	0	29.0796351651467
Subj-37	60.4774633374112	1	0	0	30.9449886575033
Subj-38	61.5602522039393	1	1	2	31.5280276664198
Subj-39	60.0277133617606	1	0	0	30.3649800969969
Subj-40	59.5705805075356	1	0	0	29.7788972150812
Subj-41	59.3741044296871	1	0	1	30.5007082186835
Subj-42	60.5535660929209	0	0	1	30.6530980508293
Subj-43	60.6973285795529	1	0	0	30.1484806103499
Subj-44	59.4115269261094	1	0	0	31.6137368301567
Subj-45	59.859355087272	0	0	0	29.2322283167343
Subj-46	59.187958372291	1	0	0	30.2009421555959
Subj-47	60.0146833714077	0	0	0	29.9762745921379
Subj-48	61.8486333230076	0	0	1	29.3100137725249
Subj-49	59.898396617747	1	0	0	30.5055045826187
Subj-50	59.4312488612633	1	0	0	29.897884255428
Subj-51	60.0776110741764	0	0	0	28.8203973183211
Subj-52	59.1012774452852	0	0	0	29.2911882725562
Subj-53	61.7115123657721	0	0	0	30.8119560606766
Subj-54	59.2879685883407	0	0	0	28.6779963145432
Subj-55	60.5289576103993	1	0	0	32.1809314145609
Subj-56	59.9227142098537	0	0	0	29.4128897769116
Subj-57	60.0798958946608	1	0	0	31.1526882793072
Subj-58	59.4301950782381	0	0	1	29.8884167307645
Subj-59	59.6237998383053	1	0	0	30.1285484600535
Subj-60	60.6514346013354	0	0	0	31.3308866630632
Subj-61	59.8004236288923	1	0	1	29.6197156623319
Subj-62	60.2990153274085	1	0	0	31.8591196459683
Subj-63	60.1469093181809	0	0	0	30.6043997737203
Subj-64	59.7421746493445	0	0	0	32.5485592821371
Subj-65	60.5743531935306	0	0	0	31.7741070829571
Subj-66	58.67988811816	0	0	0	27.3700690253521
Subj-67	58.1914278722968	0	0	0	28.6349314069956
Subj-68	60.8743521803155	1	0	1	31.2215214253949
Subj-69	60.7808653971624	0	0	1	31.3143239912934
Subj-70	60.2358542611296	1	0	1	30.6630734796803
Subj-71	58.7766066911994	1	0	0	29.8533450728773
Subj-72	59.6697957513064	1	1	2	31.0451536818149
Subj-73	61.208031587832	0	0	0	32.4563403828104
Subj-74	58.383061902619	1	0	0	27.8144077784276
Subj-75	59.0294545599414	0	0	0	29.7588109540665
Subj-76	59.8950489508295	1	0	0	29.5851200411231
Subj-77	61.1765838218754	1	0	0	30.5973882407819
Subj-78	60.5051427957475	1	1	2	30.3275619853171
Subj-79	59.5248934915861	0	0	0	28.0477096949672
Subj-80	60.6002478292696	1	0	0	30.9131415325195
Subj-81	59.6022326483014	1	0	0	28.4617924053249
Subj-82	60.1373348166692	1	0	0	29.9788029713663
Subj-83	58.8987592775102	0	0	0	28.2864980882112
Subj-84	60.7350720169421	1	0	0	30.8414273981589
Subj-85	60.4841900382896	0	0	1	28.3042035425517
Subj-86	59.298464060189	1	0	0	29.9314647932701
Subj-87	60.06183894011	0	0	1	28.3869626294955
Subj-88	59.4549745900189	1	0	0	29.3386919594111
Subj-89	58.8474104952188	0	0	0	29.7983226700556
Subj-90	61.1465647689443	1	1	2	30.346137288382
Subj-91	56.7933786438093	0	0	0	29.6839208442442
Subj-92	60.9841413481036	1	1	2	30.5161309116951
Subj-93	58.5029936169784	0	0	0	29.7770346955218
Subj-94	59.9188167194301	0	0	0	28.8806421776755
Subj-95	60.606298106228	0	0	0	30.5598017323693
Subj-96	59.588179761548	0	0	0	28.9241994493176
Subj-97	59.2609461411509	1	0	1	29.0586985709276
Subj-98	59.5862279503512	0	1	2	30.4408612388588
Subj-99	60.9999435337562	0	0	0	30.4985820597616
Subj-100	59.1662497529312	0	0	0	30.1071734126065
Subj-101	60.1848985750003	1	0	1	31.7215110558902
Subj-102	58.7670036875857	1	0	0	29.8232749878207
Subj-103	59.9860758894002	1	0	0	30.9746486729066
Subj-104	61.7996238122616	1	1	2	29.5457698246028
Subj-105	58.3950296920789	1	0	0	29.4894176919302
Subj-106	60.6944507683003	1	0	0	30.4580190357208
Subj-107	60.8100734469186	1	0	0	31.4198874044971
Subj-108	62.3084721473655	0	0	0	32.3355311374135
Subj-109	59.1095325642607	1	0	0	32.1864523887563
Subj-110	60.4843957087821	0	0	0	30.1249394358188
Subj-111	61.7928541951888	1	0	0	29.9801248597447
Subj-112	60.46847196711	1	1	2	31.5725605979288
Subj-113	60.2336078687604	0	0	0	29.6967163538503
Subj-114	61.3033794696781	0	0	1	30.907076695933
Subj-115	61.1745437989323	1	0	0	30.4156654290442
Subj-116	58.8255857535335	1	0	0	30.0008263623233
Subj-117	59.9160695037707	0	0	0	31.1181075050043
Subj-118	59.6451405286388	1	0	0	30.4606814254969
Subj-119	59.9619938516865	1	0	1	32.1196460554978
Subj-120	60.0642606319359	1	0	0	31.5088592160386
Subj-121	59.3774053410193	0	0	0	29.9772139943864
Subj-122	59.7051748825353	0	0	0	29.9845216045619
Subj-123	60.852813687147	1	1	2	32.6237067288935
Subj-124	60.3060253028108	0	0	0	28.2079936424937
Subj-125	61.1912931173151	0	0	1	30.3063241511397
Subj-126	60.8498583694426	1	1	2	31.3407398411651
Subj-127	59.792054199586	0	0	0	30.4585282328058
Subj-128	60.6378029697341	1	0	0	31.9609637854373
Subj-129	60.5812523207212	0	0	0	32.1860119901175
Subj-130	59.3530382515255	0	1	2	30.8565281731367
Subj-131	60.139747469147	0	0	0	29.8122844032762
Subj-132	60.7815463375529	0	0	0	29.5755348775398
Subj-133	60.6147781833785	0	0	0	29.9011823051998
Subj-134	59.3059707576753	1	0	1	29.6238478914377
Subj-135	61.3784742379727	1	1	2	29.7080109432826
Subj-136	60.012136457968	1	0	1	29.9557667188947
Subj-137	60.7209421342809	1	0	0	30.255870148147
Subj-138	59.255973001571	0	0	0	28.1041614555619
Subj-139	60.8912161604015	0	0	0	30.5341364375131
Subj-140	59.5809189293034	1	0	0	31.433938933491
Subj-141	60.8396552280224	1	0	0	30.8555316199433
Subj-142	59.9998416164266	0	0	0	30.7898933667322
Subj-143	58.9118594419734	1	0	0	29.4748160320705
Subj-144	60.5389829425155	1	0	0	30.6938390037171
Subj-145	60.1618350096862	0	0	0	29.7021983203262
Subj-146	59.3107309031227	1	0	0	29.946758885953
Subj-147	60.653044850069	0	0	0	31.1084756912398
Subj-148	58.9882233450727	1	0	0	29.5597178814852
Subj-149	60.6881935563888	0	0	0	29.1657007093303
Subj-150	59.6270568103181	1	0	0	29.7301648382052
Subj-151	60.8564890492121	1	0	1	30.6119911639884
Subj-152	59.2136423816677	0	0	0	30.1038707884752
Subj-153	60.7577632184286	1	1	2	31.3648840866703
Subj-154	60.4432845980461	1	0	1	30.457865099805
Subj-155	60.3625053755796	1	0	0	29.7612998461493
Subj-156	58.5033407621666	1	0	0	29.9450145805678
Subj-157	59.9559105634818	0	0	0	29.1425304083662
Subj-158	59.9821076431592	0	0	0	30.7833016083105
Subj-159	57.3808779679936	1	0	0	30.306788189769
Subj-160	58.7091993219764	0	0	0	29.4846299448726
Subj-161	60.9303776084045	0	0	0	31.3926726972188
Subj-162	61.5488390931323	1	0	0	30.5775251562481
Subj-163	58.8267629667356	0	0	0	30.0091045699079
Subj-164	60.7383556697601	1	0	0	30.8496542818401
Subj-165	61.311341415715	1	1	2	30.7339440588969
Subj-166	62.0306930666332	1	1	2	32.32630154769
Subj-167	60.4749142709697	0	0	0	28.9938245188878
Subj-168	58.7364309568877	1	0	0	30.6188543816892
Subj-169	59.7289698865503	1	0	1	29.1491640989177
Subj-170	58.5913676127302	1	0	0	29.2422411364988
Subj-171	59.4262843247212	1	0	0	28.2962640924221
Subj-172	60.9970230174514	1	0	0	29.808767860291
Subj-173	61.8998341938387	0	1	2	31.1781349186782
Subj-174	60.8478606983233	1	0	0	30.5918882503472
Subj-175	60.6845756572047	0	1	2	30.2818583838077
Subj-176	60.4767201339086	0	0	0	29.928109163849
Subj-177	60.467376987601	1	0	0	30.0278265844503
Subj-178	60.9163129496774	0	1	2	31.3005569130244
Subj-179	58.72819123215	0	0	0	29.9828624055491
Subj-180	59.5207353614653	0	0	0	28.7705720638794
Subj-181	61.4070739983863	0	1	2	29.6141212219963
Subj-182	60.1935395283733	1	0	0	29.5004138827445
Subj-183	58.3997339618107	1	0	0	30.4072590793351
Subj-184	61.4214737747373	0	0	1	30.1926585780689
Subj-185	61.8334550846842	1	0	0	29.400428536268
Subj-186	60.2673706211557	0	1	2	30.3541027971827
Subj-187	59.184314651901	1	0	0	29.0480595245686
Subj-188	60.9139022310022	1	0	0	33.1826486746525
Subj-189	59.0465451624322	0	0	0	31.3656927259627
Subj-190	60.8674229934564	0	0	0	30.850078912382
Subj-191	61.6852174867407	1	0	0	32.8802513254321
Subj-192	59.6398582635614	0	0	0	28.4732509178658
Subj-193	60.0485382750877	0	0	0	28.9174755137352
Subj-194	58.8167575063412	1	0	0	31.3567307475082
Subj-195	62.7767600435107	1	0	0	30.875072356103
Subj-196	58.5765941034006	0	0	0	29.4973854078044
Subj-197	58.6499407822244	1	1	2	30.9360492620198
Subj-198	60.655889079826	0	0	1	31.1833541743731
Subj-199	59.9039565177487	1	0	0	31.3518166050816
Subj-200	60.6046409946837	0	0	0	30.475715777613
Subj-201	60.5218902003498	0	0	0	31.3899815833907
Subj-202	59.0645410084579	0	0	0	30.368664655747
Subj-203	59.7415413317177	0	0	0	30.7587675853249
Subj-204	60.1257446075961	0	0	0	30.7627570186392
Subj-205	60.0482887775044	1	0	0	31.5304819534563
Subj-206	60.312740649332	0	0	0	29.7077943701914
Subj-207	60.015894853178	0	0	0	29.7346324439487
Subj-208	60.950413406369	1	0	0	31.1587208296376
Subj-209	61.4659907207678	1	0	0	32.977255807486
Subj-210	58.0595644140132	0	0	0	29.5013051328601
Subj-211	59.6789425659742	1	1	2	30.0601988006797
Subj-212	59.0874520519719	0	0	1	28.5709492653573
Subj-213	61.0914283957119	1	0	1	30.1998616461355
Subj-214	59.8520179655388	1	0	0	30.7175868856057
Subj-215	60.541000618997	1	0	0	30.2869387096344
Subj-216	59.4343191547135	0	0	0	30.2798102798489
Subj-217	60.5505288246121	0	0	0	31.2214094105003
Subj-218	61.2573263134997	0	0	0	30.2219452132777
Subj-219	59.0411614692485	0	0	0	31.2072729208517
Subj-220	57.9724738178739	0	0	0	27.9251723424071
Subj-221	60.9977960321438	1	1	2	31.4437469809868
Subj-222	59.4483683223723	0	0	0	30.2937441595352
Subj-223	60.3490575670539	0	0	0	30.09838512496
Subj-224	60.4753471043482	0	0	0	30.3559696996958
Subj-225	60.0850826164654	1	0	0	28.8929034775734
Subj-226	59.8342181022651	1	0	0	30.1581164535926
Subj-227	57.8960567237072	1	0	0	28.5912351541884
Subj-228	59.1564363529536	0	0	0	29.3583463591178
Subj-229	60.5523795510972	0	0	0	31.8943673168261
Subj-230	62.0993348838652	0	0	1	31.7909140379968
Subj-231	60.1954996283579	1	0	0	31.1075390538512
Subj-232	59.315956248028	0	0	0	29.5954597530434
Subj-233	61.3599561254512	0	0	0	31.0263555432421
Subj-234	60.5697400678833	0	0	0	29.8928536447143
Subj-235	60.8661583603461	1	0	0	30.8468318876423
Subj-236	62.2192022990263	1	1	2	31.3349702658527
Subj-237	58.4698534909365	0	0	0	29.014357344634
Subj-238	61.1503147361116	0	0	0	31.9738533669479
Subj-239	60.2636364705475	1	0	1	29.7169514904788
Subj-240	60.8794769425187	1	0	1	31.9861525311655
Subj-241	60.4616153515034	1	0	1	31.5707521826631
Subj-242	58.6755033018113	1	0	0	29.3289757663952
Subj-243	60.8276334992375	0	0	0	30.0397448343228
Subj-244	60.1764922049395	1	1	2	29.9482652434124
Subj-245	59.619646449236	1	0	0	29.1914890887074
Subj-246	59.8572932940585	1	0	0	28.0724458834281
Subj-247	59.9879910472988	0	0	0	32.2395934799832
Subj-248	60.7741221966004	1	1	2	32.0540128024268
Subj-249	60.5063081464265	0	0	0	30.0190296819649
Subj-250	60.9621202531373	1	0	0	31.7689872151761
Subj-251	59.9030208355237	0	0	0	30.3641755192962
Subj-252	58.7506915230804	1	0	0	29.8803806852084
Subj-253	60.6315836462192	1	0	0	30.8400094912765
Subj-254	61.3788684168955	1	0	0	31.5875519811994
Subj-255	60.5383048552379	0	0	0	30.993875033996
Subj-256	60.4008179070226	1	0	1	30.4488782346578
Subj-257	59.8800913143006	0	0	0	30.5329832863824
Subj-258	61.502938018687	0	0	0	30.9911140226692
Subj-259	58.8103524081075	0	0	1	29.3285138024793
Subj-260	60.1225590600125	1	0	0	30.3789536835121
Subj-261	60.285344050572	1	0	0	31.0592129505611
Subj-262	60.0416553310963	1	0	0	30.516150479602
Subj-263	60.59658744528	0	0	0	31.9228234519608
Subj-264	60.0277621076955	1	0	0	29.909096079197
Subj-265	61.471238971578	0	0	0	30.9670685405845
Subj-266	59.9537339645057	1	0	0	31.4455219079472
Subj-267	60.5924573664205	1	0	0	31.3217018822058
Subj-268	59.9807669153149	0	0	0	30.4920498684873
Subj-269	59.3090213977006	1	0	0	29.7871000396098
Subj-270	60.4441431652595	0	0	0	29.8662664316794
Subj-271	60.7938780272266	0	0	0	31.5362530600227
Subj-272	59.7840924987858	1	0	0	30.6935716709846
Subj-273	58.9975411348768	1	0	0	30.1085832230121
Subj-274	60.2713559872141	0	0	1	28.7183086763213
Subj-275	57.691750171519	1	0	0	28.3659331868507
Subj-276	60.1168732391339	1	1	2	30.2696348329513
Subj-277	59.5923220477309	1	0	0	32.6026679044345
Subj-278	60.877757108116	1	0	1	30.9891404961284
Subj-279	60.6992459623813	1	1	2	30.4026959232507
Subj-280	60.5504791962401	1	0	1	31.5012040592926
Subj-281	61.2961325886153	0	0	0	30.2585928787461
Subj-282	61.3975299838671	1	0	1	31.4659698487196
Subj-283	62.7138685605919	0	0	0	31.2741038124498
Subj-284	59.9035890929342	1	0	0	30.6284554284149
Subj-285	58.8917161476822	1	0	0	30.3723943763143
Subj-286	60.7421392523927	1	1	2	31.8356556931395
Subj-287	60.9955060296968	1	0	0	28.6734055887551
Subj-288	60.4283786990688	0	0	0	30.675397623531
Subj-289	59.0600522853748	0	0	0	29.8980845242624
Subj-290	59.6066324243702	0	0	0	30.713824039149
Subj-291	60.5060350709813	1	0	0	30.7805686708814
Subj-292	61.5284098247717	1	1	2	32.5284925049896
Subj-293	59.4317064046187	1	0	1	30.0712776961812
Subj-294	60.7733263651635	1	1	2	30.1455620074312
Subj-295	59.3701830193833	0	0	0	30.346403907835
Subj-296	57.5628701930752	0	0	0	29.7163424078931
Subj-297	60.822282143677	0	0	0	29.0537954579117
Subj-298	60.2322342505403	0	0	1	28.8915887224675
Subj-299	61.1290455593807	0	0	1	30.6610601526793
Subj-300	60.0515586650446	1	0	0	30.9354251168497
Subj-301	60.2589196169654	0	0	1	29.5352991144554
Subj-302	59.718345938791	1	0	0	31.0918855360576
Subj-303	60.8900638653474	0	0	0	30.7129995895337
Subj-304	59.8847199288889	1	0	1	31.1507006653241
Subj-305	59.2017875982004	1	0	0	29.5606362309337
Subj-306	60.7857229898379	0	0	1	30.6603469155144
Subj-307	59.4124985690672	1	1	2	31.3747557099722
Subj-308	58.2067115604618	1	0	0	28.483467881663
Subj-309	60.9278299652983	1	0	0	29.6336700382578
Subj-310	58.3513636109569	0	0	0	27.9337876145845
Subj-311	59.8186859898352	1	1	2	29.2809398704278
Subj-312	58.5085388485648	1	0	0	28.6859905082836
Subj-313	60.1385546763205	0	0	0	29.780895648642
Subj-314	60.683180729167	0	0	0	28.8931385536439
Subj-315	59.2692926034955	0	0	0	28.4719520328458
Subj-316	58.9542572294576	0	0	0	29.489340410032
Subj-317	60.908481193419	1	0	0	29.9823289207112
Subj-318	61.3872096073358	1	1	2	31.1249728742817
Subj-319	59.0019782113375	0	0	0	29.66384978239
Subj-320	58.0018763090441	1	0	0	29.9425060617254
Subj-321	60.4193255781415	0	1	2	29.6058122937946
Subj-322	60.800504238518	0	0	0	30.9063607692869
Subj-323	60.229160108227	0	0	0	30.2816909642502
Subj-324	60.5584201759336	0	0	0	29.8718812426583
Subj-325	60.215197557713	1	1	2	29.4459095562422
Subj-326	59.2431254250478	1	0	0	29.4691684459072
Subj-327	59.9353880137447	0	0	0	30.151478089208
Subj-328	58.5726281816432	1	0	0	29.9165642497334
Subj-329	60.5761429238238	1	0	0	30.493097200296
Subj-330	59.2078847035193	0	0	0	29.5192348179794
Subj-331	59.9806618828736	1	0	0	30.0147703554255
Subj-332	58.8931301135107	0	0	1	30.2662390191092
Subj-333	59.551463298384	0	0	0	30.4293256739991
Subj-334	60.7512326549137	1	0	0	31.5134472588231
Subj-335	61.3881782315935	1	0	1	31.0583616273502
Subj-336	60.192522235319	0	0	0	30.5238751315045
Subj-337	60.0594797560889	1	0	0	30.2470002052249
Subj-338	59.2394359176423	1	0	0	29.6047167431844
Subj-339	60.6906368802434	1	0	1	32.1312268928589
Subj-340	59.2563495057223	1	0	0	30.8565295675029
Subj-341	59.5984470789199	1	0	0	30.2275919154184
Subj-342	58.6726623930761	0	1	2	28.3418866909619
Subj-343	58.3418625556147	1	0	0	30.6526286274161
Subj-344	60.5092031419891	1	0	0	32.102015888423
Subj-345	60.6607578722462	1	0	0	30.6056277193138
Subj-346	60.4183663110423	0	0	0	28.6751756461431
Subj-347	60.9902758252282	1	1	2	32.6689010742603
Subj-348	59.8103141884355	0	0	0	28.910274511744
Subj-349	59.7803231736021	1	0	0	29.3828016831218
Subj-350	60.7142619056537	0	0	1	28.890216517719
Subj-351	59.9978990482283	1	0	0	30.8992546285047
Subj-352	60.5482853027248	0	1	2	32.2928349043438
Subj-353	60.3281450647	0	0	0	29.7776237791203
Subj-354	59.3836834788524	0	0	0	29.6971818745291
Subj-355	58.424455570134	0	0	0	28.2747368655035
Subj-356	59.1422019227255	0	0	0	31.0608523665088
Subj-357	59.3454007426225	0	0	0	29.0210327394532
Subj-358	61.2572881407892	0	0	0	30.1677030766465
Subj-359	59.9049909111009	1	0	0	29.7840815135236
Subj-360	59.1288006175683	0	0	0	31.325690431233
Subj-361	60.3497825347945	0	0	0	28.7420623439484
Subj-362	61.1279974554484	1	1	2	29.4763186719469
Subj-363	59.1030819739998	0	0	0	29.6617121698714
Subj-364	61.9340118945293	0	0	0	30.0545702940358
Subj-365	59.2839630142548	1	0	0	28.5418508281741
Subj-366	59.4579344783068	1	0	0	29.5802929736782
Subj-367	60.8430454848007	1	0	0	31.922900276563
Subj-368	60.8171097251038	0	0	0	31.2289726654811
Subj-369	60.1535340872714	0	0	0	30.252296757143
Subj-370	59.6490832656575	0	0	0	31.7192508690792
Subj-371	60.0623652591478	1	0	1	31.2216090039714
Subj-372	58.0825877795511	0	0	0	27.5679001875497
Subj-373	60.0818557801732	1	0	1	31.6048501970905
Subj-374	60.7266574106548	1	0	0	31.1093567601324
Subj-375	60.3306468646125	0	0	0	30.6414787386844
Subj-376	61.075026874939	1	0	0	31.07940252726
Subj-377	58.6228690142349	0	0	0	31.8133781211928
Subj-378	60.1462739922403	1	0	0	29.902632703311
Subj-379	58.6320421199765	1	0	0	29.1167482189416
Subj-380	59.6733446554125	0	0	0	30.7420621238423
Subj-381	58.7048937681005	1	0	0	29.7075232394999
Subj-382	60.3174589043534	0	0	1	28.8221321175058
Subj-383	60.660758658771	0	0	0	31.0362576044819
Subj-384	60.2031033431892	1	0	0	31.2241667693801
Subj-385	60.0463222037377	1	0	0	29.7920684925835
Subj-386	59.8333704149316	0	0	0	25.9869520445249
Subj-387	59.9976752448911	1	0	0	31.1997342057221
Subj-388	58.5727302323986	0	0	0	29.5990251061168
Subj-389	61.917017943922	1	0	0	29.7961722929308
Subj-390	59.4177600000456	0	0	0	29.0375556989672
Subj-391	59.688148860927	0	1	2	29.9053438920002
Subj-392	59.2807924847388	0	0	0	28.5773898913238
Subj-393	58.9064869114507	1	0	0	29.8406373502136
Subj-394	59.4581144259533	0	0	0	28.8901152835846
Subj-395	58.8309677901731	1	0	0	32.1089939826236
Subj-396	61.2204952007187	0	1	2	31.0751617123447
Subj-397	59.0875171086901	0	0	0	29.456248481582
Subj-398	60.3467259753144	0	0	0	29.1742591820455
Subj-399	60.4717628880691	0	0	0	31.2596994141968
Subj-400	60.0556420285771	1	0	0	31.0195009173461
Subj-401	58.1035824991262	0	0	0	28.4885241332987
Subj-402	60.2486715327519	0	0	0	29.0635229776608
Subj-403	60.1832132404684	1	0	0	30.5221803179764
Subj-404	60.91386741615	0	0	0	30.2492349086584
Subj-405	60.3000380246709	1	1	2	31.6215096765243
Subj-406	60.446432883951	1	0	0	31.7626673369797
Subj-407	59.743716877495	1	1	2	30.9684804386924
Subj-408	61.055971039186	0	0	0	31.6800381040019
Subj-409	61.1916605773674	1	0	0	31.1191070749841
Subj-410	59.0293925278105	0	0	0	28.961898349237
Subj-411	58.0602924835713	1	0	0	28.1413532159282
Subj-412	60.7315342214904	0	0	0	30.6426251076083
Subj-413	61.0847172679605	0	0	0	32.0225291868587
Subj-414	58.9227409471152	1	0	0	29.7674390233313
Subj-415	60.7765785829579	1	0	0	29.2890025291099
Subj-416	59.7470235246487	0	0	0	28.3227334173809
Subj-417	60.4063474915572	0	0	0	30.4320009809029
Subj-418	60.000731815165	0	0	0	28.1008008874788
Subj-419	61.1683711571423	0	0	0	33.520521194705
Subj-420	59.2834343721521	1	0	0	30.3000851457418
Subj-421	60.2042371237562	0	0	0	31.4575615885313
Subj-422	58.4868166548918	0	0	0	29.1613818989262
Subj-423	60.4910463020748	0	0	0	29.1434657701513
Subj-424	58.0092931516784	0	0	0	30.9684565172202
Subj-425	60.9822086348487	1	0	0	31.2439968655095
Subj-426	59.8670537257084	0	1	2	30.6413739735249
Subj-427	61.2820787931186	1	1	2	31.3665026673049
Subj-428	59.2215235543425	0	0	0	30.1598977702999
Subj-429	62.5802944807699	1	0	0	32.3372232238127
Subj-430	59.9493702025218	1	0	0	29.970705818462
Subj-431	60.7781460249679	1	0	0	30.5932798880462
Subj-432	58.8326971174092	1	0	0	29.7150954013358
Subj-433	58.59944331533	0	0	0	29.5181459983724
Subj-434	58.1268054441991	0	0	0	28.4813365779652
Subj-435	60.1334284628123	0	0	0	29.6383753446436
Subj-436	59.1099894374031	1	0	0	29.0755597111571
Subj-437	58.9733763410084	0	0	0	30.2579823901876
Subj-438	60.5312508887795	1	0	0	30.8771859293681
Subj-439	59.248192588864	0	0	0	29.0320810345542
Subj-440	59.3349304692641	0	0	0	30.7184896485373
Subj-441	60.6267202923305	0	0	0	30.7402650037069
Subj-442	60.3665811917465	1	1	2	30.4882689818858
Subj-443	59.9797270737308	0	0	0	29.8660808234387
Subj-444	60.3845931894646	0	0	0	32.0102236177767
Subj-445	58.80062476508	1	0	0	29.8829094700722
Subj-446	59.5950115868983	0	0	0	28.5290808540313
Subj-447	59.1016457685969	1	0	0	30.6798303979169
Subj-448	60.511501807451	1	0	0	28.8398967142757
Subj-449	60.8720719726224	1	1	2	30.6634415568319
Subj-450	61.5840007153423	0	0	0	29.9730973193148
Subj-451	59.9295879929459	0	0	0	30.5288891230938
Subj-452	61.3150070616913	0	0	0	31.9955211563737
Subj-453	59.3437247082446	0	0	0	30.0740069259184
Subj-454	60.6844483210002	0	0	0	31.0501974375654
Subj-455	60.3189048783579	1	0	0	31.1737528225959
Subj-456	60.2652613474167	1	0	0	30.1600470202227
Subj-457	59.9727241134897	1	0	0	30.5623004868482
Subj-458	60.8650366697754	0	0	1	31.0276292193963
Subj-459	62.2453600651501	0	0	0	30.2163599839326
Subj-460	60.5929406233602	1	0	0	32.9159401616793
Subj-461	60.3842001713128	0	0	0	30.8109558570661
Subj-462	60.487468889411	0	0	0	28.6282729529548
Subj-463	59.0839240405976	1	0	0	29.0937905177835
Subj-464	59.7580103405997	0	0	0	29.9060758388128
Subj-465	60.629514721625	1	1	2	30.263397336259
Subj-466	58.1335545241016	1	1	2	28.1918469133654
Subj-467	61.2392650150933	0	0	0	29.8316917608319
Subj-468	60.0377773679727	1	0	0	29.403028917945
Subj-469	59.3820039628815	1	0	0	29.6507909521755
Subj-470	59.6704980811312	1	0	0	29.6741344416465
Subj-471	60.5884329130638	1	0	0	31.3935467701997
Subj-472	61.2424733548886	1	0	1	31.3001394127369
Subj-473	58.9505790918425	0	0	0	27.6075319810142
Subj-474	60.2981774539853	1	1	2	31.2859078542998
Subj-475	57.7017153232795	0	0	1	28.824823093292
Subj-476	61.2119731685102	0	0	1	28.9552921771101
Subj-477	60.6168952678661	0	0	0	30.1581293773978
Subj-478	61.0296913872119	1	0	0	32.5162409719192
Subj-479	58.5126837443432	1	0	0	29.109158042973
Subj-480	58.9390339936978	1	0	1	30.4089326140088
Subj-481	59.1855037709907	1	0	0	30.2708957899692
Subj-482	61.5145951922679	1	0	0	30.9120074100125
Subj-483	61.2946831849233	0	0	1	29.9127547650316
Subj-484	61.6268552118028	1	1	2	30.590636134635
Subj-485	61.2231086513245	0	0	0	29.8818669340515
Subj-486	60.796597533557	0	0	0	29.2334975035013
Subj-487	59.2154268435537	0	0	0	29.3438304307244
Subj-488	59.4061046103318	0	0	0	30.3703956686818
Subj-489	60.0278743909497	1	0	0	31.1426967546812
Subj-490	62.2590011058611	1	1	2	31.4649950931761
Subj-491	61.9234144356497	0	0	0	30.5870788872003
Subj-492	60.3311505338784	1	0	0	28.6412267621411
Subj-493	59.8515455432	1	0	0	29.1845255827906
Subj-494	59.2649724715962	0	0	0	29.9376926944297
Subj-495	61.0336264714501	1	0	0	30.4700894445146
Subj-496	59.1500029844213	1	0	0	30.4461770444307
Subj-497	58.5181016684841	0	0	0	30.5973165123138
Subj-498	60.2846350820412	0	0	0	31.746455115005
Subj-499	60.1124865257966	0	0	0	29.2444358700758
Subj-500	60.1669791864188	1	0	0	30.6002593273673
