#IID	R_G	R_AGE	R_GxAGE
Subj-1	3.87259791584523	-8.56595035964148	192.318952025236
Subj-10	4.54830242634679	-2.73905973839709	225.330969718997
Subj-100	-4.88424155269887	2.12637085306646	-240.358907637782
Subj-101	0.743343614787783	-0.436737165169916	28.6905230500878
Subj-102	-2.92345889800329	-0.410974732520096	-155.369587228462
Subj-103	0.00747592756409965	2.982842517595	-16.4890542107529
Subj-104	-0.20854361278916	0.883019078476593	-10.5478059064375
Subj-105	3.76322089586186	-0.367880320869944	200.96615341135
Subj-106	7.92800184592425	-1.42244521376799	403.25075049934
Subj-107	3.0062692777796	0.481161029576633	154.053962528954
Subj-108	-1.24939974425354	-3.86602734340762	-66.2975555322684
Subj-109	-2.43703866072853	-3.58425446555581	-121.661641651086
Subj-11	0.796452808358144	-1.75677763716268	39.5871519639298
Subj-110	5.6768164883729	-3.11030315601161	287.037858258176
Subj-111	-6.80561214822733	4.14094965732857	-352.562926266987
Subj-112	6.8725786383187	-0.458786641178264	344.274992314559
Subj-113	5.35497369634597	0.825582428254258	266.37366969188
Subj-114	-1.07860081264449	-3.05591135912047	-50.1986358731861
Subj-115	-2.83114880629662	-0.309026342050977	-154.233368094791
Subj-116	1.55957838502928	-5.4739559028944	67.322625358345
Subj-117	-2.62179293230738	0.457363927537095	-127.928106597858
Subj-118	-2.6469783428989	-1.95148525284223	-126.315912255143
Subj-119	-6.06266410159503	1.94695850447747	-299.994030600444
Subj-12	-8.59596806054136	-0.531972166422648	-437.697268122803
Subj-120	3.15300110082062	-2.41795056023333	154.627235102266
Subj-121	-3.99152531555183	2.75971713930271	-197.15137355443
Subj-122	-0.408000306070512	1.08188840900638	-22.78814767176
Subj-123	1.44167158301474	6.52937004980068	73.5401111621879
Subj-124	-0.640825216687606	-5.78618847998013	-16.9372904762473
Subj-125	2.0840900112071	3.77961433448719	111.25443840424
Subj-126	-1.96344894094326	1.68840819639278	-92.7557235223423
Subj-127	-0.438740865566146	-0.0353083634540781	-18.0519882570601
Subj-128	-0.824187777253805	0.434533595058113	-43.0923290600834
Subj-129	-6.10853763757316	0.254681160282075	-307.027737592315
Subj-13	-3.7548811414334	-0.740001782940837	-191.23218523344
Subj-130	0.558974435418268	2.65393382354977	27.7559165530916
Subj-131	-2.7371986447536	3.90182062020437	-158.017043179312
Subj-132	-3.6049754676967	-2.73634247899638	-155.602906962943
Subj-133	-10.7097079224593	-5.13279416890775	-526.691307433387
Subj-134	-7.48677463576249	-3.67641049902755	-372.779028579267
Subj-135	-2.31592311336262	2.53588413796557	-110.043829630142
Subj-136	-0.373211546354995	1.97544235679337	-6.63367801571509
Subj-137	-6.15776714420027	1.91567132429	-311.734533949883
Subj-138	2.57350524705533	3.21395701500058	119.990952941871
Subj-139	1.02078511188436	0.795594787056317	51.9097704163004
Subj-14	6.2943448837206	0.483133998270439	310.147297528441
Subj-140	0.401254606947234	-1.73528488345026	11.537002559839
Subj-141	4.58012578029808	0.372302951008436	226.79782983365
Subj-142	0.879901003788602	-2.01394834398042	58.5352368572675
Subj-143	0.226761828706181	-1.24782184867694	2.13145351374699
Subj-144	5.6266196315417	-1.94076722838462	295.872424340591
Subj-145	-3.15629580984979	-1.32253955914634	-150.153495840553
Subj-146	-0.429355967419106	2.99557945850348	-20.2329757526903
Subj-147	0.790322810043289	-2.61939287636675	39.1434623491046
Subj-148	-5.5148640104771	1.13387919661425	-277.422935484018
Subj-149	-5.52864050431796	-2.37083426263181	-271.72508118127
Subj-15	0.80370003234205	0.726898908517768	40.1814588337672
Subj-150	-3.43614561001518	-1.95762201198306	-172.539847139195
Subj-151	-0.277112101247688	-5.21284876954897	-15.4427600892327
Subj-152	-2.61518620316476	0.981977279180626	-134.268871383887
Subj-153	3.34235534132276	5.17730007260651	171.3498170835
Subj-154	-0.871902502170396	2.0307218366315	-60.5163057641251
Subj-155	-2.90562128888272	-1.64180949776293	-140.692419397099
Subj-156	0.516258116049897	1.13091878296828	24.3637431074182
Subj-157	1.55704026561224	0.757444632796222	77.422956731239
Subj-158	-3.9927357659801	-0.638424869810272	-205.633065835292
Subj-159	-1.70329540985344	1.29689004900072	-84.0212199280327
Subj-16	3.28899041509578	1.3195439736727	153.130608094361
Subj-160	-0.248111883087272	2.73898187151012	-6.37753942842554
Subj-161	-0.799307386825095	-1.6926620768313	-36.3912055188594
Subj-162	-0.387023626680083	0.88587434493521	-20.5804407682177
Subj-163	-2.84588343011816	-2.67944179931378	-148.83874105175
Subj-164	-0.657619782155564	1.09130500650534	-23.929584345502
Subj-165	-0.898724212230892	-2.10708163719086	-47.5019012386605
Subj-166	-1.80810821873202	0.314801469771759	-93.8173138720405
Subj-167	4.03591794074876	5.77486145414363	197.314340115682
Subj-168	2.56977397616077	-0.000521832296492164	133.747717120031
Subj-169	0.214340050348302	-4.14665021723731	19.8853892401018
Subj-17	-2.15430880658446	-2.27195440501884	-105.535891205507
Subj-170	6.4925089950673	-2.27724559946807	316.599039415127
Subj-171	-5.35091014873069	4.92185512498264	-257.565242424945
Subj-172	-0.920321029709406	1.99762527277174	-30.540739225055
Subj-173	-1.56542810343655	-2.20090174915563	-78.8846457332472
Subj-174	-3.9282966789178	-0.442671995154797	-197.000317635987
Subj-175	-3.885942072422	-3.71112363513934	-195.275322134068
Subj-176	-1.4005117858581	-1.74065961749185	-66.4012528234145
Subj-177	-0.952281753912555	-2.09393993777983	-47.5465082793168
Subj-178	3.61886220033834	1.22515054174372	184.848590021006
Subj-179	-3.06231798374656	2.54626829328889	-154.191696824209
Subj-18	-1.74190778793245	-0.687276006233546	-86.4342896846515
Subj-180	0.279270938456154	4.305883042089	3.96772342173868
Subj-181	-4.23496193285246	-3.39570835425437	-215.945143399803
Subj-182	-3.95046378178126	-1.98974304768936	-203.589991468484
Subj-183	-1.72115400770092	-0.738275004542253	-87.6822586201632
Subj-184	3.72995841927604	-2.23637467239421	181.926260189609
Subj-185	-2.18059514433745	1.24437549222078	-109.456597031681
Subj-186	-4.40496382438325	-0.0508024402830927	-216.6799319496
Subj-187	-1.31156858943401	1.62779398625551	-61.1070191844688
Subj-188	-1.41103908906116	1.72564599020575	-67.712924518225
Subj-189	-0.316818943362883	-2.79568270705251	-15.1704389304597
Subj-19	-2.22275877709633	2.51163582095502	-114.438991361404
Subj-190	1.04543938008415	2.54383296308538	50.6831688132618
Subj-191	-2.16641617505126	-7.331003390337	-111.285829377053
Subj-192	-6.01232311840329	1.75765874494729	-304.742677034648
Subj-193	-0.849264392361913	-0.421152106190021	-40.8096435970918
Subj-194	-0.446292040674107	-4.87513785591618	-17.954345910029
Subj-195	-0.0367598792492139	4.80467945648068	-20.2774150114388
Subj-196	-4.7941806093541	-1.88818813785471	-243.959596018279
Subj-197	-4.97472820495942	-6.0981082294195	-245.679999064379
Subj-198	0.585425064719715	1.18496358960404	29.5003468475881
Subj-199	-3.68718885007235	1.97700750871238	-184.080598176197
Subj-2	-2.58279085620895	-2.86002223155083	-127.454471569602
Subj-20	1.42372148113429	7.58187925164783	66.3448038823554
Subj-200	1.31997165742888	-7.89396559335453	73.9041956359935
Subj-201	-0.294337584600429	7.62126734723517	-21.6672525299317
Subj-202	0.82657291598634	-0.76043765948527	51.9528698975843
Subj-203	4.09612520805593	1.54267505620424	203.420631698194
Subj-204	4.69043491778264	-2.4949724105796	236.135688161538
Subj-205	4.33627008477124	1.74540268894219	217.742141131424
Subj-206	-6.66358987549614	5.39234712190928	-340.880363179479
Subj-207	-2.97169628760624	4.68221045439744	-150.686137745816
Subj-208	-7.1402307738403	1.71301661380067	-362.848443979182
Subj-209	0.80895686015986	-4.48582491709006	39.2799474696833
Subj-21	-2.97519516414024	-2.38618993104665	-152.026106143925
Subj-210	0.58576220107868	1.96891919430507	28.0133493788645
Subj-211	-0.691322966587258	-3.10334808228345	-30.1057670835231
Subj-212	-8.11665814932589	-0.425614531934365	-433.977268218327
Subj-213	2.01884467839981	1.77982057611851	89.2413843948169
Subj-214	1.3164137149378	-3.29851558007613	64.0454744897276
Subj-215	0.931294569431142	0.9789061094517	66.4496631805259
Subj-216	-6.10652899022433	-2.74750653610448	-309.233465709395
Subj-217	-11.7406373614336	-4.04352130227924	-577.546487829991
Subj-218	-2.75755849322137	3.54277535715697	-140.2922264749
Subj-219	0.780752430676195	-4.20006757914496	44.937994267189
Subj-22	-6.24786963056926	3.95367123557824	-311.779987525955
Subj-220	-4.60826738952976	3.66013938565065	-234.12976628604
Subj-221	0.581642051711238	-4.91150370115238	33.0523560943563
Subj-222	1.78037949319883	3.32467388424828	91.5258578771203
Subj-223	-0.40478907220864	0.266320687888395	-17.6120238844926
Subj-224	2.00857319799242	0.616595564493743	101.347880171975
Subj-225	-0.0443260477114045	1.80059786444247	-3.60819996776386
Subj-226	0.874595363984032	1.78785290897665	43.8262504489089
Subj-227	4.14872604898786	5.84983560459884	208.957086328578
Subj-228	-1.32120212975143	-0.267445174983564	-64.7128085070154
Subj-229	-3.31034715755155	-1.19220305388682	-159.014330806301
Subj-23	-6.00276534841614	1.15920873968079	-291.122942055199
Subj-230	4.2256862491392	-1.97970115800786	212.531130795714
Subj-231	0.983180003977502	0.410551826831259	44.4663696623606
Subj-232	-4.53299847803493	1.89488805740462	-228.800976983236
Subj-233	-0.502024142496744	0.786539970520167	-25.4635694420624
Subj-234	2.95156132318431	-2.10244506926274	154.929853434042
Subj-235	-3.45037953933458	2.03067371482391	-180.289951074327
Subj-236	-3.11493342008908	4.42534196820834	-161.345686983972
Subj-237	2.50215820776623	-2.53830313510581	126.575212425486
Subj-238	2.4652196318622	-8.75143710596132	124.056093012697
Subj-239	1.55229989907237	-0.114504428637495	74.714687534002
Subj-24	-3.86150495874549	-1.55975791481524	-198.127502048428
Subj-240	-0.362110687946963	-5.54596252778329	-16.7308407817228
Subj-241	1.07694726568743	0.269128834005173	51.2254491913188
Subj-242	0.688580489878	-1.26314019769712	31.3920333248177
Subj-243	3.73049211839578	1.26293275863279	172.127764236398
Subj-244	1.5997725268879	-3.33000980691226	65.8629930020287
Subj-245	-1.34036474435803	-1.07675803987506	-63.7234984839289
Subj-246	1.15461229483515	2.69084832259006	61.5038758325828
Subj-247	3.46006244575281	-4.69905758938526	170.577449899689
Subj-248	2.26431876625177	-1.14835593505291	116.37138015308
Subj-249	4.3426757333636	-1.84620130433357	217.96362863494
Subj-25	1.3729021849809	-1.09203429536502	76.2490165480133
Subj-250	-1.22694468819006	-5.47893090793504	-60.7562250119921
Subj-251	0.333514680439663	-2.71725204823527	22.1319147991557
Subj-252	-0.993242847872825	-1.52907189882821	-57.3942104098124
Subj-253	-3.5036231203201	1.16515877375323	-175.527593134097
Subj-254	-1.25848884280459	-1.71860306740762	-71.995042086768
Subj-255	-2.04595217516764	-0.417260887994274	-98.263403428527
Subj-256	4.44443394721948	0.560798027264603	221.210355032613
Subj-257	7.2639288077191	-5.21607336129869	353.801348574707
Subj-258	2.61350803414976	0.596321447439415	131.028991413094
Subj-259	5.0497054027449	-1.46059575448074	250.987056674492
Subj-26	4.28530894049977	1.23858233092237	200.587063908475
Subj-260	-3.99143312859688	-1.70238599958991	-207.021792476708
Subj-261	-3.18768347963511	-3.40081102784868	-168.461204395809
Subj-262	7.55618499094212	-4.97572882155344	379.316087574745
Subj-263	12.0678848771677	1.30561001355457	610.922137913887
Subj-264	-0.931883623162854	-0.296361665417528	-30.672203190477
Subj-265	-4.84789640956328	-0.430203094636127	-239.30646281217
Subj-266	6.23840213350932	0.345028385756358	315.030596663397
Subj-267	5.00502725297978	3.17812582172238	240.356932534038
Subj-268	1.85361108540392	2.14214639464111	101.210087919427
Subj-269	0.788449542090508	-0.0657153532000194	38.0266729065018
Subj-27	2.56714028806429	-2.13661887421966	118.066453769205
Subj-270	2.28244665580766	4.9470198687496	115.280830357353
Subj-271	-0.12943052678202	-1.13091715527018	-9.35040215721288
Subj-272	-7.43407819371416	-3.57336412692506	-367.653535327088
Subj-273	-4.44836226720978	1.23783616537229	-214.393758908173
Subj-274	2.35038626983881	-0.322635754117279	125.831883249544
Subj-275	8.26059009409809	2.00120135801551	411.829654208636
Subj-276	1.24655032221346	6.04170334974693	61.5125573355912
Subj-277	-5.80639142596427	-2.05532241564005	-282.028753158172
Subj-278	0.706375896533771	-6.75313540607409	36.989846430822
Subj-279	-0.256813768818907	-0.950749245847113	-31.2364868400747
Subj-28	2.05445293486462	1.49835397730452	92.0734952960776
Subj-280	9.67894369426673	-0.693113156244529	485.339303606361
Subj-281	4.9560913535382	-4.06155009851231	242.690316999249
Subj-282	4.02989137134088	-2.94524129630668	194.682427170366
Subj-283	1.352939436049	3.2640075019895	59.9157139701758
Subj-284	-1.04942391364143	-2.66143877484384	-55.7468742761435
Subj-285	0.357718700795509	0.595143790545315	14.1891757608686
Subj-286	0.524801889222504	2.58121320506377	35.1389072196255
Subj-287	2.1762568926196	0.766857935249774	104.764731422688
Subj-288	-1.81661779136338	-0.253810967976357	-92.5976280368095
Subj-289	-3.79758163732988	2.46202017107895	-193.837807876586
Subj-29	-4.18763785890195	-7.24816371951442	-206.637762291142
Subj-290	-2.04345579641162	-0.44294601618558	-101.324628728205
Subj-291	0.483973096074791	-6.31583284284117	28.6716528256483
Subj-292	-2.8002274699863	1.03698131070433	-137.330919594165
Subj-293	-6.12584008948961	2.45379796267591	-305.077744635512
Subj-294	-4.47261837094011	-1.75258758949212	-224.267707262498
Subj-295	0.821315349332853	-0.0739397863796114	46.1415393844821
Subj-296	3.84140882264878	-4.49821149342666	187.241073347763
Subj-297	-6.17853063169116	-0.812721298120415	-309.76095846817
Subj-298	-1.71772781310379	1.16850585662159	-97.7238026935688
Subj-299	-2.89043411603401	1.99524181450307	-149.5241984782
Subj-3	-5.30060063095566	-0.0955926015225259	-265.151364909799
Subj-30	4.03451672093766	-0.554493037355805	201.636828735062
Subj-300	-0.740609910716994	1.48098917436617	-43.4954196251687
Subj-301	1.54747421293145	4.52015010877595	78.7576073641612
Subj-302	-0.363887109873925	1.62638828336293	-26.7386665205777
Subj-303	0.851385077978851	-1.81659535257808	38.1075316455556
Subj-304	-3.87599876159904	1.36315418087104	-187.719151496733
Subj-305	-4.3105673902033	3.15629964306471	-209.13401570831
Subj-306	-7.05503732977096	-1.12748180409813	-349.60772229644
Subj-307	-0.0148910982902564	-1.21836621946362	4.07062551405387
Subj-308	-1.86875346803309	2.04870776073354	-90.5679215525535
Subj-309	-0.651751730076228	0.430577474892225	-21.5122846587262
Subj-31	6.39268074079942	-5.4360971358977	320.262972979495
Subj-310	2.37724647068737	-2.47904278505117	123.715025500741
Subj-311	-0.658417778914096	5.9828080649157	-22.6379224080768
Subj-312	-2.68959970524218	7.50789463937772	-160.861179951626
Subj-313	4.76240990831878	-3.10318009565761	269.460305170756
Subj-314	-1.36625237924932	4.0346897890657	-68.6749239103942
Subj-315	-3.23507092577898	-0.595502563092154	-160.355197523967
Subj-316	-4.81080912528666	-7.0509559298912	-246.179760835742
Subj-317	3.8847816174941	6.23580958690665	188.741569862541
Subj-318	1.17232918306007	-5.18078307873392	57.2537104068689
Subj-319	-1.54999933742598	1.8033334327214	-79.8690768155983
Subj-32	-0.365517473982063	-3.25503165724893	-19.4723858823941
Subj-320	-4.23102236917371	-1.01810174751552	-213.043298508949
Subj-321	-2.61996866481671	-3.84978131739839	-126.326151360366
Subj-322	1.2561697155382	-1.64232880414593	70.3950571383968
Subj-323	-7.66320546844259	1.65332712177059	-390.338314280234
Subj-324	0.627895325999987	-3.18942803273738	38.2855345664259
Subj-325	-0.128203072870598	3.0871645718363	-6.43515830460017
Subj-326	-2.08439290270675	2.02394802609248	-101.417842281375
Subj-327	-0.837972263031922	0.114213820859241	-46.4630258312019
Subj-328	1.99253086200718	-3.49877342578866	101.870556339613
Subj-329	-1.15484970566865	0.389836569230781	-62.4174396761555
Subj-33	-2.5466717878878	-3.77146993510895	-128.600242233922
Subj-330	5.55693860637128	1.90867181590402	278.403328212001
Subj-331	0.693097951188943	-0.394576362480947	37.8070996723592
Subj-332	-0.859493247889883	-0.351046498852817	-42.4028019572561
Subj-333	-0.324528716907814	-7.3801928558229	-16.8818258181414
Subj-334	0.366368201121123	-4.91748624569492	18.0267238224177
Subj-335	1.12520460657938	-0.705275443116996	51.4608263828397
Subj-336	2.58813391045335	2.24097159443474	125.258451460942
Subj-337	0.416321206781404	-3.0532363594269	24.7196416124831
Subj-338	2.24820873230486	-5.26653189354403	115.695757726808
Subj-339	-2.13082400677038	5.41363877145967	-110.186159940737
Subj-34	-3.93869478627389	-0.588236772864299	-193.717396554871
Subj-340	-2.31126691101486	-1.96027436538758	-114.119595410301
Subj-341	-2.69000125632296	-1.60043941064154	-139.810652790941
Subj-342	-0.943003922974462	-4.10970554106999	-44.5726093708575
Subj-343	-1.22354289010451	-2.64795198553062	-63.1431209619947
Subj-344	0.718905943050064	-2.53558024757632	47.4235521962598
Subj-345	7.85725697768175	7.19910624776722	407.922263553884
Subj-346	-6.35250861564983	-2.29978778889055	-320.634901412305
Subj-347	-2.93772534254245	5.42393759164924	-151.474343749642
Subj-348	-0.454438226689746	0.558389344496924	-24.4550668404294
Subj-349	6.03278105166253	2.97036147512806	298.87200051526
Subj-35	3.9626129340232	-1.8327702233773	199.264702376702
Subj-350	-5.36488190376408	1.67872515396383	-265.789958166469
Subj-351	3.05370507566447	0.994856090901372	147.587619323847
Subj-352	3.33723102297073	-0.468280670136139	167.976304604251
Subj-353	-0.915799729243528	1.16116900034528	-43.5218962645307
Subj-354	0.449532766713535	3.28535827316649	17.2379512563967
Subj-355	-0.0833144065126632	-1.15862693058177	-2.15590684446551
Subj-356	1.80767358615364	6.92609045818448	79.8823421373267
Subj-357	1.04296274179414	-0.421231012668848	47.6766938116435
Subj-358	1.52312958563693	1.88337643638141	79.7067149077434
Subj-359	2.37854556085222	1.20120863844247	117.477372605811
Subj-36	3.81600921451446	-3.52233609320733	194.000418384357
Subj-360	1.18958411437404	2.8335629590603	63.0965208695401
Subj-361	-1.8018540981412	-0.382193552432206	-81.5680128542577
Subj-362	-1.33920310602815	0.879000565894565	-65.3251741591499
Subj-363	3.00342245646412	3.88521965427906	148.052653602508
Subj-364	-2.67115590986275	1.77747471423101	-130.65070130372
Subj-365	-3.91919294837446	5.21909713269238	-202.081349719349
Subj-366	-0.748708295911243	-4.99511706456433	-36.2916204148622
Subj-367	-2.36748273600722	0.543131065564573	-119.690767937417
Subj-368	-1.8703102623516	-0.486657013712105	-95.4385376355393
Subj-369	-0.356406511659699	-0.517322408119014	-17.9658181091026
Subj-37	-5.65485877828064	-1.00272530368884	-284.424101318882
Subj-370	-1.2412230406685	3.00597051777196	-64.0116472570837
Subj-371	0.757217535666584	5.1224003848336	36.4814954048786
Subj-372	0.533867886446839	-0.649468946364664	27.9757889596459
Subj-373	-1.43635764659795	-3.32772734554103	-73.4735845885517
Subj-374	-3.62459319532645	2.33769063358641	-183.226365416447
Subj-375	2.27656117332607	2.35766755146	97.4867647654067
Subj-376	3.59531139323169	4.86182056108369	161.379286947097
Subj-377	-0.50593802561851	-0.0133971929989656	-37.986851177514
Subj-378	2.99364164461771	-3.07458732564412	135.18135656201
Subj-379	3.57530055359193	0.0586819212189198	167.877414852402
Subj-38	2.15565277103795	6.52958260016888	100.928518109648
Subj-380	-1.5703763412736	-0.965151938148693	-82.6252080621221
Subj-381	-3.59053087266419	-0.806405007637046	-171.682874849803
Subj-382	-1.0028049208194	6.40173892629731	-54.3623709486739
Subj-383	-1.55903410916657	2.0655100572075	-76.7768310309405
Subj-384	-1.19805999106695	5.64053592879264	-53.7665090645668
Subj-385	0.685519404989684	-2.30380911169792	35.2816806386333
Subj-386	1.98300321686757	-0.747201880024846	97.7753218128836
Subj-387	5.84350612886331	-0.493263726111948	290.693358980086
Subj-388	2.03817873686905	-2.48593222108273	95.4333028833052
Subj-389	3.06966055251373	-0.572776098190914	147.78805080689
Subj-39	1.05817119212021	-2.84579753594783	45.7382199702126
Subj-390	-2.57365994046511	1.07062888994789	-130.23358061479
Subj-391	-1.17802253785575	2.28186809925544	-63.8707787605943
Subj-392	-1.14131715203446	-0.426168624907568	-53.7533391080415
Subj-393	-3.37494421713945	-2.21187613774671	-169.976267308421
Subj-394	-1.37688872088111	1.65792188476339	-72.399063884062
Subj-395	5.11742082469543	3.21717741969451	251.782912235898
Subj-396	-0.375223418033016	0.928591043817192	-15.5325125091896
Subj-397	0.963876256687684	-7.91726733598289	56.8079463742546
Subj-398	0.824893424705905	5.69197926418471	49.9991966506102
Subj-399	-2.86916676025672	-4.55499215729103	-111.951314624805
Subj-4	0.868401628626788	4.24737336803262	39.8925901698019
Subj-40	-0.27240577981966	1.07561871617298	-16.0124530488048
Subj-400	-0.449453256724965	-0.167630037671877	-7.39190931866756
Subj-401	-1.32132767420031	-0.00960225926090175	-57.3480521027884
Subj-402	1.67003493754784	0.48927977657123	80.951604916589
Subj-403	2.59318520624797	-1.00980532934351	132.171975234555
Subj-404	1.78612449527179	-2.14497790992047	82.6248943976007
Subj-405	-1.28444234055281	3.11946331886935	-62.2722364012967
Subj-406	-1.69563520084654	-1.31158019362727	-79.4028047842426
Subj-407	0.121870700925584	-0.687168271712523	-0.389724397299839
Subj-408	3.85223338534548	2.01961597687632	204.840388158728
Subj-409	4.36530851154601	-0.341810885274008	214.372968334686
Subj-41	4.01991969377986	2.36781001232809	199.082911195963
Subj-410	-4.47834421590556	-2.17240519954384	-222.513088219839
Subj-411	-3.19568676282315	2.23951350547735	-163.876770582902
Subj-412	1.73937737339528	-4.80930758876148	83.8342595284429
Subj-413	1.47195754646476	5.79475223597482	73.4627082125052
Subj-414	-1.45659099441839	-0.0996387818346278	-66.880618223418
Subj-415	-1.40842100590625	3.03177827569312	-75.3082757164061
Subj-416	-4.63422918624291	4.42855850278647	-238.161670103441
Subj-417	1.28198981242907	-0.321773287396667	61.5556675253038
Subj-418	-3.73462810865847	-0.0896413856860505	-182.312371534321
Subj-419	0.209560791863865	0.349702227387006	24.3769995032325
Subj-42	-2.75290793492339	-0.00596883517676616	-113.839021004573
Subj-420	-6.55983634436027	-5.52687755853919	-324.623376606745
Subj-421	-1.50938578769363	-0.291052593676035	-71.2356059930617
Subj-422	3.73796806348553	3.71134206924493	197.51765193048
Subj-423	-2.14029019868386	1.52734025739395	-105.677125283801
Subj-424	2.68156186941398	1.50093415992833	135.673276692635
Subj-425	-1.23150411287668	-2.54371391958523	-61.1158678490779
Subj-426	-2.04834865645313	4.57227782806277	-97.7391371382603
Subj-427	-0.57256540338131	-2.86083570222789	-33.9343643423014
Subj-428	6.25832901628688	-2.07944794580014	311.427794980232
Subj-429	4.31081099151341	4.71978202515719	209.45385732489
Subj-43	-0.223637538441309	4.17920404982545	-16.8117558309862
Subj-430	-2.60039560706106	-2.73605197222518	-143.273674232144
Subj-431	-0.416463379947825	-1.12754738807257	-24.2738815214473
Subj-432	-2.22926429618997	-4.79221693529884	-107.923806779397
Subj-433	4.99269058107309	-9.23030970033295	246.462764756216
Subj-434	-0.508498720170049	-3.55787640433971	-30.9552050550174
Subj-435	0.266702886877749	4.49267752177415	7.74205159404443
Subj-436	-7.68397484228346	-1.12115285306272	-383.900144156767
Subj-437	-2.93306196136361	2.07909904388301	-144.60057050662
Subj-438	-4.69994048116133	-1.66965272244032	-232.124285896882
Subj-439	-5.92535523757006	-0.622908693081726	-309.990117421163
Subj-44	-6.57285925036604	-4.02734404232219	-329.845436657273
Subj-440	-2.88465432475373	6.43987467196975	-146.840225818024
Subj-441	-0.309270786003371	2.91621477965099	-22.096665324068
Subj-442	3.87742313334454	-3.51838063617232	188.141033067835
Subj-443	1.29208928923162	1.32473042968165	65.690920663908
Subj-444	-0.247547294504493	-5.13231087615795	-10.2778919627777
Subj-445	-4.82167033196073	1.66428109192935	-239.890572559308
Subj-446	0.545756067015244	-5.7583345281585	31.1709238713783
Subj-447	0.00642210278787658	3.68933559144676	3.74946224523808
Subj-448	1.9783476584877	-6.99836266019533	98.5250396720172
Subj-449	6.70284534397733	0.758654345560053	336.024746797915
Subj-45	9.3277442150953	-0.176748747140238	469.298505845978
Subj-450	-4.1567449890953	-6.71972953381233	-200.479932209158
Subj-451	-5.29768052378494	1.11064697228306	-266.181322653732
Subj-452	-2.04114276940085	-3.83488883353474	-105.198629896442
Subj-453	0.0842962900419728	0.149601937667747	11.873212117819
Subj-454	-3.47292443876712	-3.06670925752702	-166.543343210057
Subj-455	-2.51893108743099	7.02513348907282	-120.95701987414
Subj-456	-2.17577109114056	-2.36456146472698	-107.946929690481
Subj-457	3.74675801317242	-0.820146549893309	185.225226638213
Subj-458	1.27995432631444	5.48847650878052	62.0160984535155
Subj-459	-0.832926056277255	-2.80830655687139	-43.2969235176405
Subj-46	0.315868717047998	2.7309374875719	13.548972702658
Subj-460	2.23762044434896	-0.605508874283537	113.424896448892
Subj-461	4.25427807764262	-0.850900027012358	216.764982459542
Subj-462	0.0419595239943149	-1.16960141527198	-1.98645060062059
Subj-463	-5.51921853394268	4.06650252471139	-282.881868134063
Subj-464	-4.62307682911335	0.205037924455169	-228.715835044894
Subj-465	-2.60261076751916	-4.68182569079882	-133.185824117569
Subj-466	-2.3657033440698	1.515093748723	-104.941585155791
Subj-467	-2.35788183644646	1.26137267194751	-116.016481568526
Subj-468	3.1831895964551	-4.04217526573834	154.273641841801
Subj-469	6.25029201547052	1.92151619138755	315.911663106388
Subj-47	0.794870594340722	2.28663932467648	39.1541923265362
Subj-470	-4.91937316585203	-0.35668546605902	-239.128924437645
Subj-471	2.35215519077946	3.02041477617333	115.85325378266
Subj-472	-2.7515135810404	5.18777556550267	-129.667608638361
Subj-473	3.16626462841093	-4.53986337678529	152.542793465005
Subj-474	1.77161450596892	-2.92374243906686	91.0921804365335
Subj-475	-1.01388454541323	5.2899247149333	-53.1813812535751
Subj-476	-0.500006274643221	2.69435747693321	-25.1119767041478
Subj-477	-2.39349046831682	-3.85482883676697	-116.93124218943
Subj-478	-1.81194665005508	-4.47720704651683	-89.2124216942016
Subj-479	0.299817666588901	2.63817524445512	13.5903311104496
Subj-48	2.76031527480843	2.20913301712971	140.433359538941
Subj-480	-1.70298568484065	-9.15327106921771	-72.1496358724901
Subj-481	-7.22237867565565	-0.118040940193374	-361.158634946192
Subj-482	-5.97267674222888	5.35085326170189	-302.030790330603
Subj-483	2.32924931082096	3.01979590271397	116.049419796384
Subj-484	2.17825910240271	-5.04587651233747	107.418931850567
Subj-485	1.967088787188	4.25893870128677	100.524125790685
Subj-486	0.795932044025264	4.68078258930671	48.7765201409502
Subj-487	10.5687618839898	6.34146942025831	533.252456048249
Subj-488	3.98020398679017	5.08600030254863	205.144066810972
Subj-489	-7.02545133299608	1.30472919804723	-350.947492842344
Subj-49	5.1394074874082	-0.0463699027339715	254.965322230852
Subj-490	7.3558990552977	-0.22052032193119	358.021982995868
Subj-491	2.26635375412032	-3.1782410139514	114.57388047553
Subj-492	-6.78353153973773	2.86150865244198	-332.69142706898
Subj-493	0.493055014732303	-1.96878355021637	27.3435157585834
Subj-494	0.916956449621438	2.07686785968674	45.1234654796937
Subj-495	1.71627573307516	0.523114666702085	109.541970056243
Subj-496	3.30429024579294	-1.5467586798815	177.720218641512
Subj-497	-3.32902438683244	-2.81815464846888	-164.752229621151
Subj-498	-3.15994790103926	2.8437008134683	-154.518362601482
Subj-499	-6.29343666897862	-4.18519780101103	-311.676147880116
Subj-5	-6.70938528018806	3.05716254666542	-336.556799508369
Subj-50	-1.36294844604368	0.0495722434058763	-66.609567331834
Subj-500	-0.00720794338542774	4.20735632466978	0.537225741284036
Subj-51	2.6962594719866	-1.49923655622637	136.39669412301
Subj-52	-3.90316389333555	-3.40367701166105	-187.156045115066
Subj-53	0.203736612260183	3.39754932455598	15.965029802676
Subj-54	-0.557090147030799	-5.70835054888351	-24.8612047942831
Subj-55	3.84606591718442	-4.90212914868027	190.132711903067
Subj-56	4.45656124743713	3.10432698293215	216.238275297981
Subj-57	5.07083023561511	-2.05038978839738	256.38707794307
Subj-58	1.57793442336147	2.12621043440809	81.3734349707969
Subj-59	-2.9822593458716	-2.07930846181652	-151.719156052923
Subj-6	-3.77592325531922	4.05813125137359	-183.208260712886
Subj-60	-1.43564743250459	0.815603389109469	-82.7345531580076
Subj-61	1.4853927314249	2.83436190642581	75.6792321838568
Subj-62	0.460659520157904	-0.48665505612577	24.7462216412593
Subj-63	-2.28351890059406	-3.13480675463293	-114.996733094738
Subj-64	2.84795207394645	7.76232841004402	152.999749702664
Subj-65	-0.289227339734687	0.874044092724169	-6.92813745244819
Subj-66	3.23920595553885	-1.02996494111792	160.530245822178
Subj-67	-0.91188425609187	6.9246372251285	-43.7433992212326
Subj-68	5.51829413082965	6.56999678864938	282.303743832973
Subj-69	2.60292178391183	-2.54818119723573	141.836997755608
Subj-7	3.14545137525433	0.203673972020731	161.652958184511
Subj-70	-0.123631289061954	-4.76170970724462	-9.01261963332463
Subj-71	-3.1535985769313	-2.53589540048738	-143.427308096605
Subj-72	0.258110802242307	7.14566497340749	9.22280782510359
Subj-73	0.868052795040718	0.319134557287228	42.92553283193
Subj-74	-5.2452277786227	1.69005590561511	-268.892269355405
Subj-75	-0.528434572817066	2.36655358961451	-21.0339960878957
Subj-76	-1.53608708195298	-0.0880485568264149	-72.2358543542517
Subj-77	2.28059283604382	4.1497542888148	112.495061147776
Subj-78	-1.01650492294547	-0.763915828415371	-48.8402516301049
Subj-79	-4.28884711134036	-6.0384605498688	-210.947626450401
Subj-8	11.0429486454247	0.398596207197507	565.791089951096
Subj-80	2.23132511832345	4.48599350217108	116.287569583985
Subj-81	2.32076615836406	-0.333411869508304	128.485248298437
Subj-82	-2.62226723448061	-0.602353319672979	-123.934388741443
Subj-83	-4.13589608160096	-5.40556534923997	-200.519918614476
Subj-84	-0.799168572363087	1.90918724017548	-39.2720189474755
Subj-85	4.6459994247517	-7.2796433850896	228.02252528536
Subj-86	5.90180512540313	-3.21999664799186	299.857275098159
Subj-87	6.37599933161199	1.40598018668373	310.209754603988
Subj-88	1.94775104443584	1.77813270915349	96.874319876685
Subj-89	1.42832979642521	0.916510767440315	74.939433314375
Subj-9	4.03554362718828	-0.980317634152016	204.924707969434
Subj-90	4.36727299124184	0.611418895288253	210.650834107045
Subj-91	-2.64328849105259	3.04124685002493	-129.739605591364
Subj-92	-0.137724526468201	0.90494898200545	-10.1842742013812
Subj-93	0.125667898863689	4.80445704668901	6.06289670545729
Subj-94	-1.08564204947962	5.84954381080353	-57.8850247632788
Subj-95	0.542493042473147	6.13038827357518	24.8663332020447
Subj-96	-1.89277901657893	-2.31747989681928	-99.2462707236692
Subj-97	-1.39492263489482	3.09605639716063	-71.3632393027251
Subj-98	1.07249041826269	-0.912128422704306	45.7465185174766
Subj-99	4.11564034661571	-1.3631065873497	198.691415012382
f10_1	0.667251118316106	-1.57582448884432	32.8054096116276
f10_10	-6.34996718401147	3.35213275286835	-313.61734974755
f10_2	0.990088946748607	-0.28539572510261	44.2047515410524
f10_3	3.91857319084895	-1.86117053100574	190.31528659182
f10_4	6.58460366761917	3.0999143542503	328.289809877847
f10_5	2.71533163844486	-3.77580643161347	138.353094243129
f10_6	8.75398531238971	0.426880083341011	441.595277312091
f10_7	-2.54236412075823	0.35654447855979	-120.914569280947
f10_8	1.99609481011289	3.59900075076081	103.570528274132
f10_9	5.61598768747934	-0.761763822638123	280.566131935856
f11_1	1.62606171258969	-2.37608618511882	86.7218724626953
f11_10	-1.09666330206572	4.40735251841291	-45.7636611898698
f11_2	-2.16233023923446	0.527572773685449	-108.049427517972
f11_3	-2.9136682240915	0.358668533315765	-140.579963802318
f11_4	0.77304369976833	1.30634913026981	48.9193034644296
f11_5	-2.55604758600684	1.09718882230163	-123.526334201131
f11_6	-11.2441944397955	-9.8323318466049	-548.280104058402
f11_7	-2.68819627816603	-7.36451324393975	-127.83890487274
f11_8	7.17119892444327	-3.58479451667807	353.290379858623
f11_9	0.497239199133837	0.472281448383527	26.0032552853434
f12_1	1.09498915400735	0.513453485964249	56.85825677552
f12_10	1.51381449143818	-4.85289118545352	56.8304755740703
f12_2	7.57803386346086	6.45224076758164	376.604744105756
f12_3	-5.24315315979398	-6.04261717575567	-253.997919904984
f12_4	-1.97924743234679	-0.232910989194522	-101.439660601946
f12_5	3.77447958288949	2.03957124238784	183.490881928301
f12_6	-1.12178224989221	-5.93244354536788	-68.2137605288437
f12_7	-1.96185112153947	2.80091001414912	-101.828334516082
f12_8	5.11812061132658	0.359725433219168	248.807851015249
f12_9	1.61803286855315	-3.56060186370571	81.2268384681899
f13_1	-2.21582128107317	-0.454119998557886	-95.5892143483237
f13_10	1.81840523058998	1.928123620039	102.720248825576
f13_2	-4.87401291796491	0.275318661971539	-236.441576441688
f13_3	-2.65028419959372	1.78323858739353	-139.554626732426
f13_4	-0.998090457055273	1.28064018980248	-60.0873797237807
f13_5	6.55608047730658	3.22230570312251	340.007583095214
f13_6	6.23997224883557	2.7826551906372	318.036185042261
f13_7	-3.87444246896259	5.47922759046627	-195.765119500765
f13_8	-4.78104280404513	0.174617358277423	-231.789237490505
f13_9	-4.28614192857563	1.73238176088333	-210.635641806865
f14_1	1.87099219405108	2.99778734998904	90.315646171895
f14_10	3.79628472421956	-0.786606500632018	189.987499691132
f14_2	0.329920723435205	-1.04601510117015	20.6384758520904
f14_3	1.42724515834516	-3.42128725998008	68.815487066017
f14_4	4.75803884149272	-6.32388835073	241.6434858029
f14_5	5.31116003796257	1.34602953613439	259.047338382342
f14_6	1.79283844329537	-0.675702694024793	86.084327698043
f14_7	2.18564102128256	-1.20969133657605	104.541961445278
f14_8	4.20180643664128	-3.4209638382222	212.050437372844
f14_9	5.21261509773348	3.98489330746461	261.523426739271
f15_1	1.50863276766441	-1.05410598200802	69.4557558027083
f15_10	0.681204564566951	5.22098437156414	39.1348937327632
f15_2	-5.83266109195837	1.45786293808377	-296.4571767966
f15_3	-6.03604617765842	0.688105012789976	-303.251625455047
f15_4	3.53827593203348	-5.91912202797419	192.749901341616
f15_5	-1.96047661703918	1.22565969768581	-103.115597923789
f15_6	4.63371269596394	2.370704053283	221.118655159088
f15_7	9.57475863556361	-0.353203735317962	472.017377260678
f15_8	0.228365727539639	-2.83859356810279	9.93939352276171
f15_9	-3.17025091540739	1.21908313024678	-165.374538218187
f16_1	1.88399787147492	1.63216535078055	97.6946479343414
f16_10	3.29375497789919	2.13021099656336	170.677756740865
f16_2	0.65729914517468	1.03306834362409	29.9475606555214
f16_3	-4.38654237649541	-0.414104987550203	-224.530612947999
f16_4	-0.810903531123543	4.26064818385706	-43.6931440619855
f16_5	2.25972970933671	-0.373397666243676	110.917041185406
f16_6	4.6696411292925	-0.0277835310320924	223.82065572413
f16_7	5.11928103738016	3.03931805895435	256.844207379062
f16_8	3.6632003910272	3.92072113212372	187.429674654474
f16_9	-0.441497671171394	1.50559938456674	-24.2735272704722
f17_1	1.06485216157316	0.612154219567081	53.4317753736946
f17_10	-0.92779590256244	-2.60494626547001	-35.0669023808805
f17_2	7.77384411836713	-6.1274354634263	378.151123648675
f17_3	2.36194096204619	4.04417779906097	112.570144542347
f17_4	0.488170597308681	0.108226079454781	24.4020345777561
f17_5	2.09685948205789	1.05543011324016	101.070245181928
f17_6	3.83353302936045	-2.13467614271136	198.60663393257
f17_7	-1.49257362376084	-0.719647648660164	-76.3046821642602
f17_8	-1.765821325325	-5.0162537442605	-89.6942822265545
f17_9	-1.8544261718654	2.56685096521935	-89.2110303689585
f18_1	1.91884201038464	2.06603606562522	93.9458922540588
f18_10	3.07969941893403	-0.517967865218367	151.474253707217
f18_2	-0.245029609044856	1.64014494299303	-17.062437793821
f18_3	-0.56703368749994	-1.61201228839974	-29.1437724698685
f18_4	-3.42870747006521	0.716727358077947	-181.134198737425
f18_5	-4.14130866286714	1.53262132999931	-213.202055417684
f18_6	-0.121993985187068	-2.55390994225098	-3.70967310339264
f18_7	1.83703327999678	-4.78359823416852	97.3285446195227
f18_8	0.904058726157903	0.922325836551472	43.159000418224
f18_9	-0.0546816911268948	-2.62349558680369	0.276883550526767
f19_1	3.65693433089208	8.3684922686875	173.873722007172
f19_10	-3.36766620896634	0.771971253954078	-171.180620077559
f19_2	-4.64556769355213	2.13447744794247	-227.140080130667
f19_3	-7.12180086128931	0.24952669251627	-353.15356401914
f19_4	6.43678458974761	-0.610735693323719	329.167197336324
f19_5	6.52708836433189	2.46877738394055	326.250531764475
f19_6	0.652777881507188	-1.92642740651865	31.923919739007
f19_7	0.745636696922869	-0.829795779679543	38.9042290364321
f19_8	-4.26491343474844	2.92177248193961	-214.439249092121
f19_9	-2.0751036835466	0.0458468097409082	-97.8161127409442
f1_1	-1.08844446276044	5.2362257703343	-54.8634741779041
f1_10	-2.81593415883623	-4.12161494413556	-137.799561301844
f1_2	-3.63746011940881	0.840745905312268	-184.957904898255
f1_3	1.80186690863356	6.04534542633723	91.9106503248498
f1_4	6.88568610770215	-2.82967421555081	341.701994439627
f1_5	7.37788509785491	-0.190927224960468	367.396364027687
f1_6	3.79215525480682	-4.26156014145593	206.729976056078
f1_7	-0.650453678332834	1.27535880951231	-33.193160356209
f1_8	3.2740820522038	-1.25055990750619	161.765652449252
f1_9	6.01324639450174	-0.838424320828587	308.876877189784
f20_1	-2.11135347491495	-2.39894076655865	-105.528476674912
f20_10	0.29987748897446	6.97640571151669	18.0911214069821
f20_2	7.16743340272518	2.71078559297993	360.400862338526
f20_3	3.9378129299756	0.410806889661764	205.852973207569
f20_4	2.23237435881459	6.50667582211619	116.763669670276
f20_5	-1.5287131563826	1.79140242514553	-75.0809068561182
f20_6	5.00409397998932	3.36495449195362	269.93187743248
f20_7	5.7797035278156	-0.318361165762525	281.501711281263
f20_8	-1.20840197930705	4.90070933761868	-59.4307498175568
f20_9	0.462699486866629	-2.65216061136375	20.403590879866
f21_1	1.61393931014972	0.831751251851351	78.1921871398698
f21_10	2.79181922636623	-1.41538098354352	138.093787537815
f21_2	5.66311249346431	3.51484350423262	291.549308398503
f21_3	-3.77476925403925	-0.202084884166695	-181.923072055115
f21_4	4.97267091853878	-4.89796436483061	245.099243231671
f21_5	-6.01951608696084	-2.17210753323178	-312.570870928201
f21_6	-0.167614264934894	0.516329719937431	-4.44517558813632
f21_7	0.800997525735031	1.80211870816581	44.2501516330707
f21_8	-3.49992442249387	0.498356511001376	-173.100731070867
f21_9	2.39194609024274	-3.67473114482863	114.732988411284
f22_1	-1.45773793092469	1.36875822471003	-60.5679046819707
f22_10	-6.60059431855418	2.84972282419867	-322.402150739675
f22_2	-0.867280524583155	-1.25110478707971	-39.7813574869522
f22_3	3.99224108096418	1.38698984792877	208.029700613242
f22_4	-1.42665859349146	3.94119094903483	-74.7434801996992
f22_5	-1.66542125883987	1.19651933556978	-80.1846054467537
f22_6	-6.67225408896628	-2.7869596735058	-333.595027167294
f22_7	1.31465373340943	2.70317037117992	84.1031827071352
f22_8	-5.49952237325638	-0.514898796294631	-273.831630688338
f22_9	-6.66777735544155	-2.58905482561445	-329.608780456909
f23_1	-1.18187327982771	2.78199539265077	-52.5357096167205
f23_10	-0.0223335443801389	-0.977883160763625	0.275696316075444
f23_2	1.98333364249341	2.63012892511701	100.382117936786
f23_3	0.704622817374812	6.79937147908059	34.866157764591
f23_4	1.55255223596931	0.380773890672302	78.3377902456793
f23_5	1.68348909168924	2.8222326396424	75.6988717474931
f23_6	1.51206546089148	6.15831045648787	79.2911559725113
f23_7	-0.0484987050228369	-2.77423269952001	-4.46535571735179
f23_8	-1.85836198893	-0.366954605416389	-93.4121427309412
f23_9	0.780714673371318	-2.28327229863946	48.492251705645
f24_1	9.22902658503695	3.06013155977242	451.878531377575
f24_10	0.550057636144476	5.96016609495941	28.5781052360384
f24_2	-1.78685928151261	-2.85672514002216	-92.9508092271497
f24_3	-3.86727779323194	-1.08468339492448	-196.912511789111
f24_4	-1.61986645174602	-3.16982529532915	-80.0854078149273
f24_5	0.686554051631767	-3.30463554217452	33.8051196579218
f24_6	-3.79974533998667	-3.02114107104718	-185.781206511975
f24_7	-6.797981041205	-4.47144345157797	-334.995718317275
f24_8	2.09621898147906	-1.07533954387992	103.574671323068
f24_9	-0.0696974107730135	-3.2619645835326	-14.7849288879937
f25_1	1.70986573310119	-2.61095331960333	65.9169227859877
f25_10	-1.91596061960722	0.387768098000358	-90.4358428533168
f25_2	-5.97684398040411	-3.74290665813659	-294.198857246953
f25_3	-1.53414646155012	-4.19042853400935	-83.0356200900143
f25_4	-2.63299339804894	-1.77266633521643	-131.413615406432
f25_5	1.04607834727832	0.0359496908382511	45.3505040194515
f25_6	6.3315214468777	1.06147671145316	310.624662068501
f25_7	3.26481257105781	2.91446804196206	151.55523363454
f25_8	-3.37982901138122	5.4654906170078	-174.657624465991
f25_9	-0.0726261820438445	-0.00432109694283156	-2.51823830515428
f26_1	-0.103466574999871	-2.23181312591615	-7.61164920325859
f26_10	5.15212793724518	4.46037833231301	257.770548119772
f26_2	-1.99095019743285	1.00134012289785	-98.3089700492476
f26_3	-5.54606653007459	9.86232737220401	-275.974205060277
f26_4	-1.16272930714431	-1.67587477583689	-43.1713330782099
f26_5	0.397250159325708	2.92978004763457	19.9974219332107
f26_6	1.56350148512109	-4.37186734705371	76.1831141030144
f26_7	-0.255647175610378	-1.9034891621816	-26.4074629305867
f26_8	-2.54119738605103	-3.47902896388133	-121.400744096626
f26_9	0.378646802062377	5.81210938101603	5.62199158256457
f27_1	0.632825657665215	0.558984710659608	28.5133694642544
f27_10	2.10771135076377	1.54419501656199	110.366044761393
f27_2	-2.18283494797615	-6.01407568232807	-108.166284471894
f27_3	1.18854405809951	3.98648288544216	63.1512092591585
f27_4	6.73960118599384	-1.24449905541023	326.505750327131
f27_5	-0.215782935355335	2.33635013366555	-10.1339055356366
f27_6	0.870473906743623	-3.21307278535538	36.6421473552146
f27_7	-2.10864552702056	-0.673707645977991	-105.18185244789
f27_8	3.98595808914538	-4.52812302799519	190.909334219332
f27_9	4.9524098997231	-0.772608230212263	250.31772018924
f28_1	4.91925999640201	-1.05119207909726	240.302126101613
f28_10	1.56216256518448	0.734874478641594	65.6766158308386
f28_2	2.44815722899675	1.20781904402621	125.499080340019
f28_3	0.0986765853538749	0.331633669251055	8.69646326400881
f28_4	-0.742701722843361	2.34895911748427	-31.1073769851126
f28_5	-2.69684396930604	-4.14011846299081	-133.590938922041
f28_6	2.79237184907786	-2.99517163670591	139.42481498643
f28_7	1.49427523103349	-0.5761575862455	77.8319759316824
f28_8	3.1788582190521	-0.275699392877634	160.023119162874
f28_9	-10.6111261717125	-2.38191998663452	-532.070748193535
f29_1	-5.35201526755615	-1.59662286389933	-272.205269594996
f29_10	0.963723532072532	3.73351004940856	48.8871320461348
f29_2	-2.60354847541308	-1.14604224966806	-127.933464976731
f29_3	1.32139427816406	-2.3713561814078	79.5829873252291
f29_4	4.71041651229342	-1.83014635841862	233.038973870458
f29_5	0.320313755113286	4.9572920966145	3.61841542251694
f29_6	4.75976871888775	-3.06054434088647	230.269248982457
f29_7	-0.325104558383647	1.89319556794424	-19.0368661474744
f29_8	1.30473959506031	2.33518213793537	62.9237850297963
f29_9	-0.743404709527269	-2.52809293015151	-15.1342634481162
f2_1	4.07323227513267	-2.69399637149102	190.172096810063
f2_10	5.82924377029972	-0.963201950283739	299.501539711343
f2_2	-4.04702062840865	0.285551229982602	-230.963897610317
f2_3	-3.96635644545389	0.681863075213322	-193.155754021016
f2_4	3.27642607117684	0.359036012695462	161.409869026242
f2_5	-2.64326171290345	1.16206847277254	-132.482197261429
f2_6	1.67253539952207	-4.61611199922616	89.9862436257117
f2_7	2.52773511808817	-2.22067800634494	110.730226906421
f2_8	-2.00535813959602	-3.66159460281601	-103.050178008463
f2_9	1.39953647488146	0.289197346171413	72.6556372332763
f30_1	-3.26840229239057	0.618287234715282	-160.817560297208
f30_10	1.50622410878194	1.30583927932897	75.2291298680655
f30_2	0.965054637040424	4.87978664030707	49.1275779380767
f30_3	1.84816432080584	-1.46835874780521	92.8866544979529
f30_4	0.12850818150342	1.75992553651481	10.0435564486778
f30_5	-4.84197856481892	-5.68416143494073	-238.167576123098
f30_6	-1.28410364876674	-5.65158151708977	-70.6365460034963
f30_7	-5.54053687021724	1.15918489985135	-275.710007992362
f30_8	2.12361477007763	0.42293418667505	104.778459763475
f30_9	3.80987431933422	3.59201566672012	184.752312291347
f31_1	-0.335339028976325	-1.41141110316853	-15.5300941674086
f31_10	-0.00734257767595636	0.0190053019918679	6.74726981650923
f31_2	-5.15696526464618	-6.63929929817848	-251.841747024634
f31_3	-5.42098086040534	-3.38540609213334	-264.31818246813
f31_4	-2.31891687079637	2.02862745970911	-121.28745158256
f31_5	-2.89317945394387	-5.44579004932957	-145.435485678267
f31_6	2.62539230253647	0.463457038174077	134.084755477402
f31_7	3.36421632790587	0.196418028163947	167.611012330486
f31_8	-0.0564190050621711	0.428758978425925	8.95440107547872
f31_9	-0.250849937939375	1.48856373971838	-12.6602255293064
f32_1	0.0040533241843228	0.832961882589508	2.60724104883676
f32_10	4.30291779600759	-3.09635237864032	213.261175741291
f32_2	-1.25772810979915	0.802195525610642	-58.0835552320814
f32_3	3.76829605096505	0.463900424461471	203.512987221195
f32_4	4.7899886303674	-6.34791391400472	265.720077273475
f32_5	-1.83635496836616	-0.621470628404872	-84.2848523561767
f32_6	-8.96187057846931	-0.598554301424564	-456.361130370486
f32_7	-0.330438436980639	-1.56874541016039	-17.1945355433421
f32_8	4.30950999610664	-4.08259131740912	207.825355164357
f32_9	-1.3925330384649	-1.38117227695292	-83.235908756112
f33_1	-3.67375503417223	-5.57379770220945	-182.11478557219
f33_10	3.20221115281553	-2.56878757496657	156.834863305512
f33_2	4.40672355909825	4.0769776215634	222.321520137933
f33_3	1.15970749267285	0.968647563759397	62.2155730749984
f33_4	-1.40663794867384	-1.02549764820692	-76.0629951200541
f33_5	-5.69906163678297	2.79012947643519	-279.168243008277
f33_6	-1.43964227812129	5.13509915818285	-81.7558697041247
f33_7	-1.84523910689528	5.3661000085507	-88.8573264809089
f33_8	0.862226698957237	-0.24181446150687	44.0417558968807
f33_9	0.477894249477597	8.86625935117767	14.3627640387116
f34_1	-0.485050500189891	-3.59196679583428	-17.4793633083432
f34_10	-2.71778448324817	1.76395305686284	-149.016328123701
f34_2	-3.45132337115248	0.109545359777414	-194.31473395056
f34_3	0.674615109345382	-2.43729933002855	26.1331277097073
f34_4	-2.44677739982928	2.53506524906835	-119.441064105124
f34_5	-4.58982982599166	-1.0400815155046	-225.372307725072
f34_6	-1.33723279348892	-0.465333327811067	-66.601662463068
f34_7	2.55851769814817	2.480434726536	124.035418704242
f34_8	2.95693871725934	2.60822474555381	143.369024155823
f34_9	3.55990589839531	1.07070912266467	177.007776265794
f35_1	4.31930867617366	-6.61517567407897	210.929890280524
f35_10	2.75394801372196	-1.46492836029962	134.494856615983
f35_2	-0.109448286773279	0.0678090668184268	1.77792879318448
f35_3	3.98415955921157	-0.238009775727541	199.368179953148
f35_4	4.03990453821198	-3.02042710386961	199.980097967212
f35_5	-1.71460998344762	-3.07641887426787	-85.6457785853615
f35_6	0.337285592439656	-1.31732990954433	19.2809565533677
f35_7	-0.508979084411834	2.34537399257905	-29.0257637789804
f35_8	-7.98816851233022	0.552403257620071	-401.164328376907
f35_9	1.65901789160287	1.54821814053683	80.7257904205652
f36_1	-2.23369339522848	-2.08290264610213	-104.654778253427
f36_10	2.91549376796838	-4.16705414595528	133.049347762746
f36_2	-6.4230530718767	4.78031161608475	-324.361816819266
f36_3	-6.58205711694493	-4.99475724075835	-326.825872132582
f36_4	-0.671669150890896	0.696382102294621	-32.5555052644534
f36_5	1.05069885190788	-3.74099558067839	44.7856672424108
f36_6	2.43666461347415	-7.10832601336355	128.306622853711
f36_7	1.37763322855183	3.93826288821823	71.6331277697314
f36_8	-2.63291952262619	3.29981465742107	-131.804307736415
f36_9	2.85961363950748	-7.10090651927662	148.364069031446
f37_1	3.53903875690953	-0.287553103331263	182.920158973318
f37_10	-3.17607560638639	2.21075914062477	-160.360689762118
f37_2	3.25757676311959	3.4767413492276	160.860703807211
f37_3	3.53575912586359	-3.57976477040842	185.917398006262
f37_4	-0.346298150947302	1.0002792194919	-9.02504222226869
f37_5	-0.234532166520687	1.4357446495579	-17.6531805240551
f37_6	-3.39759010186748	-0.566383551842044	-171.365683195649
f37_7	0.745947365245257	1.52381794715823	32.433742918576
f37_8	4.06902433622762	0.467130084053267	201.674013159048
f37_9	3.89473468837584	1.30906619958181	193.803492759162
f38_1	5.68861106407256	1.7772468242209	285.862988921351
f38_10	-1.68248904202324	-2.76059567262033	-82.8004630210888
f38_2	2.14252861232775	-2.18911960212242	111.528112252583
f38_3	-6.80378663152388	1.28113443286222	-350.072109208295
f38_4	-4.310727863942	0.604391836231052	-192.473321623667
f38_5	4.30123444256574	-2.25555471795144	226.370220248952
f38_6	0.551308504354303	-2.0744106437884	23.3386428949921
f38_7	-2.48487305864415	-5.66937599844373	-128.640399112873
f38_8	-0.182852882381571	5.13204565094373	-1.8688322048156
f38_9	-0.777157133612977	-3.82129647218007	-35.90104585971
f39_1	-1.6195784179636	2.13658642703166	-81.2628256263899
f39_10	6.58622554568624	0.0100138510597887	327.610606530441
f39_2	-3.81175642583274	-0.208058459781938	-192.649093022398
f39_3	0.350187737752975	8.79322112488472	30.3136216125699
f39_4	-5.50076073168336	2.23467851537639	-273.073963496208
f39_5	5.70574675443377	-1.0654494126798	258.766297294256
f39_6	6.24026777489746	2.85976410539751	316.555655450459
f39_7	-3.34889058910848	3.54612924995168	-175.224370836337
f39_8	-0.37270481588865	6.12791390827392	9.63930016768467
f39_9	5.96880789501761	3.56449458683679	296.265575348133
f3_1	9.0921847973208	2.65349883842702	463.071930132091
f3_10	-1.07374604500252	-2.66794161100525	-52.6996941410293
f3_2	-1.17378473828212	-0.604435605826673	-71.972318289068
f3_3	-5.25742153376346	4.03405027185999	-267.133373938622
f3_4	-8.22150725315827	4.64264670655386	-414.18390521688
f3_5	-6.59750796844913	-1.04836176401343	-337.738012512127
f3_6	-3.8430564978972	-1.56991698464172	-187.062871944371
f3_7	3.62964132657396	1.56723459567943	173.752083638046
f3_8	4.22139259604684	2.70606803984528	214.428344669315
f3_9	3.38828943144859	3.54896522575959	167.187436910859
f40_1	-0.344759243084859	1.53369192842295	-23.9167874354769
f40_10	-4.1060271277998	0.849299699195051	-207.299889131404
f40_2	0.548543825562877	-0.640277934720331	13.4297944302319
f40_3	-2.92891458841783	-5.08772914431671	-136.947073845912
f40_4	-1.39724376735233	1.28782959435313	-70.1475624470847
f40_5	0.768226938084318	1.36692659618924	49.0541895885816
f40_6	7.19674826379053	-7.49123255885114	353.875875124359
f40_7	2.4616862180307	-2.3155013912935	128.245474616575
f40_8	0.267889981198032	-4.01474758150923	17.76080056939
f40_9	-2.93122608515392	-1.95088974776519	-147.927077958268
f41_1	-0.282733591687922	-2.56293492974253	-13.5650220241637
f41_10	-0.542803689431972	-1.36880100234491	-11.0773172550689
f41_2	4.43706781873325	2.20256427038735	223.562825664067
f41_3	5.95120830730195	-1.20427291293018	294.527503345795
f41_4	1.28316509909517	1.45176210579413	58.0403963769871
f41_5	-1.92251041263814	0.0981404008219613	-93.1764092412794
f41_6	3.57357905511826	0.164264249658949	168.956912567513
f41_7	-6.06217626318618	-2.40884864879546	-303.253080529819
f41_8	1.07892144386295	-9.11985364201873	54.590726679342
f41_9	0.142070599634909	-3.79848229747311	6.23057510702837
f42_1	3.74855645567359	1.20930660569423	178.467145973672
f42_10	3.95926963748088	1.59872338531909	197.224580437682
f42_2	5.65074530968773	1.22091041674607	286.6388993606
f42_3	2.97200346200656	-0.632356745024751	153.477143219246
f42_4	-0.889040948662135	-1.64574485191425	-47.3300905806365
f42_5	-6.73239902898768	1.08032197577727	-337.627218251264
f42_6	-6.23581089982274	1.23551792159305	-318.524922606651
f42_7	-6.80496675358193	3.14926117335423	-345.502091490985
f42_8	-2.55298588094145	1.93885252370538	-133.733017862877
f42_9	-1.46510514582024	-3.19723058995152	-67.228281441591
f43_1	-2.5049550813154	2.58584945021607	-128.201535638062
f43_10	-5.19430628261546	1.37786051350971	-260.858270314944
f43_2	-4.31377508574094	-1.5843054772565	-206.933799925108
f43_3	-3.98883275996047	-5.24545598820583	-197.296154540423
f43_4	-2.12609024366466	1.54419520127212	-113.943261659378
f43_5	-0.730893777643583	4.22523812418729	-34.6981569048296
f43_6	0.684649437688783	-4.48301168180823	36.3375550626303
f43_7	1.07087603765854	0.482610153960252	66.3818920246782
f43_8	4.04580880900175	-1.27013527110028	190.081822273522
f43_9	-5.22186282769196	1.22985756715739	-260.945324322415
f44_1	-1.27683054524977	0.20882025172407	-64.3021708236714
f44_10	-5.88728331484687	4.30865246292634	-294.485751071227
f44_2	-3.52381375901469	1.30422519648705	-170.981415670172
f44_3	0.91792811417201	4.25432899248884	60.1551422571292
f44_4	0.727891391178307	-5.28164270251981	40.7721095601841
f44_5	0.521165737834149	1.74599021531413	24.3052184877513
f44_6	1.98732220897602	-2.53345344474773	103.165099158032
f44_7	-2.63184374578945	-4.14384001964773	-140.147176845048
f44_8	-2.55562202895913	0.612392401961692	-137.922207271132
f44_9	-3.66376585695886	-0.164241060605562	-176.104652547392
f45_1	0.107914765410438	3.96536779598549	22.6933745008413
f45_10	0.105476405609178	1.77482676053323	13.4209472563183
f45_2	-0.417049052613244	0.796668272386675	-16.9461684143218
f45_3	3.19808852884557	-2.70119417714472	159.587666389876
f45_4	1.05959515821642	0.362770421232071	47.0024647521096
f45_5	1.60990788792357	6.4354427218502	89.7494033709619
f45_6	-4.25361435324536	1.69820922275252	-210.04809741808
f45_7	-4.30115974352032	1.78581360891667	-219.942697086165
f45_8	7.22846216733844	2.16660183487084	362.673481331389
f45_9	3.68079910748948	2.64611529268937	179.534896153292
f46_1	0.404528652831473	6.17412819188348	22.6068190097043
f46_10	-0.37411721702447	2.14381269232378	-20.0581971415689
f46_2	-3.68408380767929	-2.17652778383671	-186.452164600862
f46_3	-4.73729342005212	0.941400360310787	-240.32965841209
f46_4	7.29138250506267	0.04982392740542	355.318216320345
f46_5	-5.2296781329949	-3.45929615384505	-257.158086449236
f46_6	-5.12750676275407	-2.3667445862452	-254.790504265575
f46_7	-0.267950505492593	6.77007577592868	-16.9108269608919
f46_8	6.67130086690822	7.69708433705705	355.542532851287
f46_9	4.34825046859635	3.08763335436858	214.519136464541
f47_1	-0.260142191115619	3.91207035700085	-12.248370160172
f47_10	-1.02516245130762	-0.501685413430892	-45.7076483611177
f47_2	5.76098537217417	-3.11861955211043	283.757060806828
f47_3	1.61383094699809	1.04427003692316	81.5824995447642
f47_4	1.22489976406449	-12.7445425654528	64.4825989240353
f47_5	1.06863837210586	-0.0680601608218083	74.2753820897451
f47_6	3.13428879262225	1.08622485329215	158.317002130564
f47_7	3.23913249984304	4.46296432745118	165.964571887651
f47_8	0.882280798113698	-5.19697233551111	40.7806067371087
f47_9	-3.62590521914106	-3.65223231435289	-179.679296220639
f48_1	0.684158639181231	-0.0641990791749549	26.6588318390669
f48_10	0.0568474852243917	-0.212720215498273	0.91725721351228
f48_2	-3.78319846396166	0.606861726863436	-190.756634496927
f48_3	1.93810029484854	-2.33946846038913	94.3813087577919
f48_4	0.46816454775864	2.36429796286734	16.6542085985966
f48_5	-2.60944975678227	5.14298320356408	-133.66782214776
f48_6	-2.63330228006523	-0.916170765259189	-129.264270528822
f48_7	2.05049031346548	3.00564163433972	105.794621941017
f48_8	2.50548063891105	1.62702365589579	122.983715465812
f48_9	-0.674508811604131	0.857366559875821	-35.1040445593337
f49_1	-0.965190422498647	-1.70833322914714	-43.9314468618595
f49_10	4.8584755830096	0.0695087558166847	244.9313239648
f49_2	-2.135780965051	2.17543407051301	-112.955521726391
f49_3	0.458521911864356	7.18594285998493	6.28432458928054
f49_4	3.38558021117898	-1.67592063921894	173.902529318931
f49_5	-3.75922115429817	-2.96625755520711	-178.39683059509
f49_6	5.40971726159731	1.02405672821907	270.266147750815
f49_7	-4.69296428552648	3.72505037903922	-262.498090935231
f49_8	4.0108345853682	-2.91101507039684	194.562607613407
f49_9	1.72734368461836	-5.16316097572783	80.4207949495289
f4_1	-3.48864678914693	0.234486707717828	-180.546402442059
f4_10	-2.2137153562066	-6.06985388399661	-108.838549845633
f4_2	0.286673546515129	4.96616584535643	13.4544965920432
f4_3	-0.794326621535646	-6.47585543751437	-36.6120285554272
f4_4	6.49276905548163	-4.64105023096883	318.846209127579
f4_5	2.0318570052647	0.77446590887709	107.357453864434
f4_6	-2.06565383256492	2.09042858304526	-100.925539456976
f4_7	3.36216628998365	2.47902245628765	175.757904544236
f4_8	4.08333090238394	-4.20825324738196	198.868560151462
f4_9	-2.4246643001723	-3.56289021794423	-115.875657506081
f50_1	1.39521308621955	-1.06583387266115	78.0424650391913
f50_10	-2.93454677753032	-1.17051024141657	-158.850430063954
f50_2	0.411619336100713	0.497462414033677	7.63958916116427
f50_3	-0.403976916419346	-7.97755858282898	-37.3584203306957
f50_4	0.202918697890432	-2.45378124057729	2.36402754275484
f50_5	4.42233752779611	3.14221527190426	221.115772981223
f50_6	-1.91410364995351	4.29881690927101	-75.3307660950676
f50_7	3.75645146268521	-3.32421345224861	188.078183197698
f50_8	6.66488913917668	-2.33904777023886	328.790973899506
f50_9	-1.65551161202623	2.25377098653568	-92.7352741339114
f5_1	-1.22283013132782	-1.2906954512149	-65.5155308776136
f5_10	-0.0587898206756918	-1.73498467744512	16.5152818096659
f5_2	2.3935070166704	4.09327385215158	129.831729868699
f5_3	12.6190800472106	-1.81577563071895	610.358600130525
f5_4	1.28779143523489	2.2705097419818	62.5817694538036
f5_5	-0.477808524395414	-0.819640749908658	-23.9264063901018
f5_6	-5.29647544906227	0.0843209731621997	-275.732627483618
f5_7	-8.94968221340642	-4.68615436114376	-441.366277513919
f5_8	-1.86005885008588	0.0330136074707283	-76.9410277720296
f5_9	1.04157739026748	5.00112956399718	52.5160656850101
f6_1	-0.639611194586905	2.45640624357149	-39.5720318010479
f6_10	3.4694537543611	-1.79943613584221	183.406286787241
f6_2	5.68394316760467	3.44003241830159	285.149381579774
f6_3	5.16559654840353	-6.19013061150957	252.392321083438
f6_4	-0.26160026938922	-1.1411614269724	-13.4902600051323
f6_5	1.24192176175826	-2.48943165614793	60.5711574318122
f6_6	2.47732577258363	-2.34220293846482	119.308573902968
f6_7	1.49500374020552	-4.71619147053225	75.7618649829698
f6_8	-1.83838381111176	-2.97284416211726	-99.4517982128409
f6_9	3.39261474563103	-5.32475231677272	168.565367362619
f7_1	0.0610779654752705	3.7115513556065	3.79375681770641
f7_10	-2.26692478926219	0.326853582567125	-123.432921564261
f7_2	-0.963937584472772	3.89038650352715	-47.1892930082074
f7_3	-1.49195748824895	-0.197275309496987	-79.4796644230731
f7_4	-1.79011984673303	3.22127852504361	-86.1114708908997
f7_5	-4.02752477464773	-3.45824458125025	-203.680526448737
f7_6	-3.35745213248284	1.43733240626073	-181.054690789066
f7_7	4.46562387509461	-0.139235920269044	223.443104480247
f7_8	-1.8602818698616	-1.30404497934795	-97.1062620546101
f7_9	-1.87074303308087	2.04265686869027	-89.8124358682005
f8_1	-2.03148117819839	-1.22726571942611	-115.221836948113
f8_10	7.79423699788649	-3.43080899995469	388.141413628879
f8_2	5.80775458916017	1.70066665709722	290.376566482937
f8_3	2.42894406717633	0.162154269098608	131.685281952459
f8_4	-1.20503452124495	3.16712039021301	-61.7238210399596
f8_5	-0.655169700658487	-0.190105131401126	-31.3359712511004
f8_6	-0.586348575541306	2.61921241708185	-20.1322062640611
f8_7	-3.93259831621699	-0.973343995103477	-204.483086721422
f8_8	-1.39584514200753	-0.847818317862171	-59.5989821939599
f8_9	1.27969805279093	-2.2142046097407	50.1039625849779
f9_1	-3.86484569891421	6.54590326875559	-183.080907950388
f9_10	5.28194580018417	5.48095136326034	260.447946341378
f9_2	-0.896581493939774	2.79774083173515	-47.4540363492021
f9_3	-0.621171038093053	-1.65392811833213	-40.2468255184993
f9_4	0.600959798342878	-1.98552393407465	14.1474466458995
f9_5	-6.05894871428727	-2.89758062594672	-310.171524340769
f9_6	1.20569154821669	2.81560272271662	47.6157067745928
f9_7	-8.80691142290995	0.580131819413431	-441.021304787281
f9_8	-4.06783696362988	1.79143104975748	-197.320266253692
f9_9	3.21229676567637	3.41387669008137	166.450162543269
