IID	AGE	GENDER	eta	bVec	BinaryPheno	QuantPheno	OrdinalPheno	SurvTime	SurvEvent	PC1	PC2	PC3	PC4
Subj-1	59.61	0	29.6	-0.206	0	-0.4837	0	0.04816	0	-0.8293	-0.2644	0.04349	0.7195
Subj-10	61.32	0	29.32	-1.337	0	-3.213	0	0.0626	0	0.5602	0.2659	-1.207	-0.7786
Subj-100	59.17	0	29.91	0.3263	0	0.4453	0	0.0301	0	0.6368	0.4108	1.259	-0.5771
Subj-101	60.18	1	29	-1.594	0	-1.284	0	0.01281	0	-0.2841	-0.9669	0.02162	0.6453
Subj-102	58.77	1	27.9	-1.983	0	-1.514	2	0.1956	0	-0.3338	0.187	-0.6095	0.1356
Subj-103	59.99	1	29.11	-1.381	0	-0.32	0	0.08905	0	-0.3116	0.7781	-0.1543	0.3413
Subj-104	61.8	1	30.27	-1.129	0	0.5399	2	0.1424	0	0.06889	-0.9913	0.4734	-0.3631
Subj-105	58.4	1	30.17	0.4719	0	-0.9328	0	0.005954	0	-0.3134	0.008235	0.09933	0.5459
Subj-106	60.69	1	30.11	-0.7348	0	-2.323	1	0.1525	0	-0.3959	-1.072	0.7379	0.009358
Subj-107	60.81	1	31.51	0.6089	0	1.069	1	0.03082	0	0.2411	-0.3268	0.6282	-0.8277
Subj-108	62.31	0	31.53	0.3771	0	0.7344	1	0.04877	0	-1.143	0.1377	1.164	0.2159
Subj-109	59.11	1	30.79	0.737	0	1.402	0	0.1081	1	-0.1702	1.51	-0.3516	1.367
Subj-11	60.39	0	30.26	0.07206	0	-1.458	0	0.06591	0	0.8811	0.3905	0.1055	0.4446
Subj-110	60.48	0	27.46	-2.787	0	-4.194	0	0.01524	0	-0.3982	0.5929	-1.13	1.04
Subj-111	61.79	1	32.44	1.048	1	1.642	0	0.04883	0	0.4448	0.09007	0.2601	0.422
Subj-112	60.47	1	30.66	-0.0757	0	-1.056	0	0.3814	0	1.093	0.07053	-0.7338	-0.1346
Subj-113	60.23	0	30.42	0.302	0	1.739	0	0.2062	0	-0.5847	0.1943	-0.1492	-0.5241
Subj-114	61.3	0	30.63	-0.02489	0	-0.4788	0	0.01171	0	0.3888	-0.2138	-1.036	0.2142
Subj-115	61.17	1	31	-0.08724	0	0.8049	0	0.06383	0	-0.3519	0.4467	0.7703	-0.6872
Subj-116	58.83	1	29.64	-0.2688	0	-0.7915	0	0.04587	0	0.6665	0.3341	-0.2537	-0.2052
Subj-117	59.92	0	29.03	-0.9322	0	-1.545	0	0.05006	0	0.5361	0.9491	-0.2728	-1.052
Subj-118	59.65	1	31.52	1.195	1	0.9864	2	0.006196	0	0.2514	0.9942	0.7159	0.1147
Subj-119	59.96	1	30.29	-0.1878	0	-0.6224	0	0.1694	0	0.4622	-0.1329	0.2091	0.364
Subj-12	60.55	0	29.76	-0.5105	0	0.1877	1	0.2635	0	-0.7735	-0.02472	-0.6722	-0.7066
Subj-120	60.06	1	29.43	-1.098	0	-1.978	0	0.518	0	1.151	-0.7254	-0.6526	-0.328
Subj-121	59.38	0	28.41	-1.278	0	-0.9079	0	0.03814	0	0.5861	0.6721	-0.149	-0.8193
Subj-122	59.71	0	28	-1.856	0	-1.501	0	0.3227	0	-0.7233	-0.3246	0.4048	-0.03278
Subj-123	60.85	1	31.59	0.6625	0	2.829	2	0.01184	0	0.1001	0.3846	0.3569	0.1598
Subj-124	60.31	0	29.01	-1.145	0	-1.708	0	0.05188	0	0.2859	0.4489	0.218	0.1001
Subj-125	61.19	0	30.91	0.3136	0	1.624	1	0.05449	0	-0.2448	-0.2232	-0.9548	-0.7105
Subj-126	60.85	1	30.13	-0.793	0	-0.5395	1	0.04143	0	-1.226	0.09946	-1.13	0.472
Subj-127	59.79	0	29.39	-0.505	0	-0.8224	0	0.02307	0	-0.8425	0.9332	-0.2763	0.0934
Subj-128	60.64	1	32.2	1.378	1	4.08	0	0.07248	0	-0.3029	-0.2857	0.3113	0.4015
Subj-129	60.58	0	30.47	0.1779	0	1.304	0	0.2153	0	-0.1557	0.6075	0.5717	-0.49
Subj-13	58.17	1	30.04	0.4589	0	0.2716	0	0.2764	0	0.4154	0.358	-1.437	-0.3674
Subj-130	59.35	0	29.54	-0.1412	0	-0.2729	0	0.08031	0	-0.2451	-0.106	-0.8416	-0.2337
Subj-131	60.14	0	31.55	1.479	0	0.7339	0	0.08399	1	-0.1297	0.436	-0.3752	-0.3475
Subj-132	60.78	0	27.9	-2.489	0	-3.907	0	0.3534	0	-0.8678	-0.6726	0.0852	0.07407
Subj-133	60.61	0	28.04	-2.271	0	-1.804	0	0.09514	0	-0.4839	-0.3259	0.2674	-0.4506
Subj-134	59.31	1	30.35	0.192	0	-1.534	2	0.1792	0	-0.002477	0.5494	1.086	-0.7341
Subj-135	61.38	1	31.8	0.609	0	1.042	0	0.06899	0	-0.03323	0.4115	-0.923	0.06707
Subj-136	60.01	1	31.35	0.8486	0	0.436	0	0.09808	1	-0.1935	0.1017	-1.235	-0.2965
Subj-137	60.72	1	30.56	-0.3	0	-1.197	0	0.1554	0	0.1457	0.1778	-0.0894	0.6887
Subj-138	59.26	0	29.92	0.2878	0	-0.3499	0	0.07974	0	-1.215	-0.7604	-0.8427	0.3202
Subj-139	60.89	0	28.5	-1.947	0	-1.823	0	0.04156	0	-0.2081	0.5151	0.6165	-0.3608
Subj-14	60.96	0	31.35	0.8652	1	0.2521	1	0.2059	0	-0.427	-0.1166	0.6029	0.7341
Subj-140	59.58	1	30.92	0.6299	0	0.3218	0	0.1029	0	-0.6281	-0.7112	-0.348	0.05196
Subj-141	60.84	1	30.82	-0.1038	1	0.5676	0	0.0925	0	-0.4623	0.8504	0.4169	-0.3674
Subj-142	60	0	30.86	0.8607	1	1.764	0	0.01397	0	-0.9071	-0.7672	-0.7489	0.2109
Subj-143	58.91	1	30.1	0.1477	0	-1.957	0	0.08629	0	-0.1026	-0.8708	0.3928	0.301
Subj-144	60.54	1	30.89	0.1238	0	1.002	0	0.02014	0	-0.04309	0.06874	-0.2831	0.5726
Subj-145	60.16	0	29.99	-0.09256	0	-0.8152	0	0.09554	0	0.7932	0.3505	0.5169	0.5395
Subj-146	59.31	1	28.87	-1.288	0	-1.342	0	0.01324	0	0.5607	0.3505	0.8011	-0.3723
Subj-147	60.65	0	32.31	1.987	0	2.483	0	0.02923	0	-0.2364	0.2713	0.08871	-0.03218
Subj-148	58.99	1	28.43	-1.565	0	-2.086	0	0.2005	0	1.189	0.4629	-0.4725	0.4929
Subj-149	60.69	0	29.64	-0.7089	0	-1.574	0	0.05998	0	-0.3266	0.3021	-0.8494	-0.09736
Subj-15	61.2	0	29.89	-0.7102	0	0.5479	0	0.1069	0	-0.8063	-0.3133	-0.2853	-0.1313
Subj-150	59.63	1	30	-0.3092	0	-0.5889	1	0.08034	0	-0.7693	0.09537	-0.5573	-0.3173
Subj-151	60.86	1	32.45	1.52	0	0.5974	0	0.1923	0	-0.3643	0.3383	0.935	0.1496
Subj-152	59.21	0	29.87	0.2658	0	-1.077	0	0.2312	0	0.6415	-0.7379	0.2708	0.1713
Subj-153	60.76	1	30.04	-0.8417	0	-0.208	0	0.01933	0	0.1815	0.5183	0.3084	-0.5229
Subj-154	60.44	1	30.02	-0.7027	0	0.08697	0	0.09761	0	-0.03628	-0.2311	-0.2518	-0.1275
Subj-155	60.36	1	29.4	-1.285	0	-0.4437	0	0.03991	0	0.8537	0.4824	-0.2679	-0.1332
Subj-156	58.5	1	29.19	-0.5571	0	-1.789	0	0.3792	0	0.2001	0.1338	0.3146	0.6139
Subj-157	59.96	0	30.21	0.2284	0	-0.3976	0	0.2334	1	0.3147	-0.1482	0.2272	0.1771
Subj-158	59.98	0	30.88	0.8851	0	2.006	1	0.3324	0	-0.8306	0.8911	-0.2966	0.1638
Subj-159	57.38	1	28.44	-0.7526	0	-1.321	0	0.3124	0	0.9244	0.1388	-0.2319	-0.08518
Subj-16	59.76	0	29.64	-0.2435	0	-0.09319	0	0.06934	0	0.4819	-0.3817	0.2877	0.9966
Subj-160	58.71	0	30.65	1.298	0	-0.389	0	0.1587	0	-0.3306	0.004855	-0.4891	0.8815
Subj-161	60.93	0	32.16	1.696	0	2.053	0	0.1277	0	-1.014	-0.1392	0.2447	0.5418
Subj-162	61.55	1	32.72	1.449	1	3.514	2	0.09532	1	0.3513	0.3893	0.2859	0.7237
Subj-163	58.83	0	29.68	0.2618	0	-2.406	0	0.1429	0	0.4129	-0.2301	0.5427	-0.3437
Subj-164	60.74	1	30.12	-0.7512	0	0.9683	0	0.1549	0	-0.3628	-0.4351	0.7378	-0.3719
Subj-165	61.31	1	32.3	1.142	1	3.511	2	0.04734	0	0.3091	-0.4381	-0.0357	-0.4795
Subj-166	62.03	1	31.17	-0.3418	0	0.2656	1	0.497	0	-0.2316	0.03596	0.2146	-0.4293
Subj-167	60.47	0	30.37	0.132	0	0.05651	2	0.2127	0	-0.6253	0.4748	0.6775	0.01598
Subj-168	58.74	1	29.23	-0.6353	0	-1.78	0	0.03019	0	-0.3217	0.558	-0.1433	-0.1342
Subj-169	59.73	1	28.69	-1.672	0	-2.209	0	0.01278	0	0.03813	-0.1506	-0.2825	-0.3725
Subj-17	59.12	1	31.97	1.912	0	0.7683	0	0.1187	0	0.2776	0.651	-0.08638	0.4286
Subj-170	58.59	1	29.87	0.07825	0	0.713	0	0.1344	0	-0.2753	0.1906	0.0492	0.4275
Subj-171	59.43	1	28.8	-1.413	0	-0.9455	0	0.01565	0	0.3951	-0.01219	-1.144	-0.2414
Subj-172	61	1	31.88	0.878	0	1.027	1	0.1595	0	0.009753	-0.7809	-0.02696	1.245
Subj-173	61.9	0	31.76	0.8129	0	0.4961	2	0.1375	0	0.05401	-0.5948	-0.6694	-0.7677
Subj-174	60.85	1	31.59	0.6619	0	0.6031	0	0.09395	0	0.1579	1.565	-1.171	0.7331
Subj-175	60.68	0	31.01	0.6678	0	0.6781	2	0.2478	0	-0.1004	-0.7413	-0.7392	-0.3469
Subj-176	60.48	0	30.38	0.1418	1	-1.273	2	0.01251	0	-0.4895	-0.3233	-0.263	0.8092
Subj-177	60.47	1	29.23	-1.5	0	-0.4371	0	0.2293	0	0.05928	-0.7105	-0.2869	0.8218
Subj-178	60.92	0	31.93	1.472	0	0.1195	0	0.003868	0	-0.579	-0.2837	0.6198	0.4606
Subj-179	58.73	0	28.58	-0.7793	0	-1.307	0	0.00488	0	0.806	0.7579	0.4076	-0.5423
Subj-18	60.22	1	30.31	-0.2972	0	-1.74	0	0.1147	0	0.3372	-0.4729	-0.4252	-0.6055
Subj-180	59.52	0	30.22	0.4645	0	-0.02272	0	0.1533	0	-0.8749	-0.3478	0.1119	-0.131
Subj-181	61.41	0	30.21	-0.4982	0	-1.404	0	0.007281	0	-0.5296	-0.03775	-0.224	-0.1814
Subj-182	60.19	1	29.38	-1.216	0	-0.2743	0	0.06077	0	-0.424	0.5666	0.7585	0.00332
Subj-183	58.4	1	29.39	-0.3099	0	-1.436	0	0.2606	0	-0.06148	-0.3631	0.3932	-0.2551
Subj-184	61.42	0	31.23	0.5193	1	-1.132	0	0.1282	0	-0.2471	0.2781	0.2469	0.9948
Subj-185	61.83	1	31.09	-0.3262	0	2.42	0	0.2663	0	-0.05123	-0.1698	0.476	-0.06933
Subj-186	60.27	0	28.94	-1.194	0	-0.9368	0	0.1795	0	0.5504	-0.04381	0.04083	-0.2856
Subj-187	59.18	1	29.03	-1.061	0	-1.399	0	0.1504	0	-0.04779	-0.1158	-0.4267	-0.2753
Subj-188	60.91	1	31.67	0.7091	0	1.372	2	0.1118	0	-0.4091	-0.4671	0.1091	-0.8504
Subj-189	59.05	0	30.76	1.241	0	1.348	1	0.06525	0	-0.3278	-0.1946	-0.853	0.1282
Subj-19	59.34	0	29.57	-0.09913	0	0.5891	0	0.2314	1	-0.02721	0.263	0.001657	1.069
Subj-190	60.87	0	29.42	-1.015	0	0.7408	0	0.2571	0	-0.3025	-0.7919	0.6912	-0.143
Subj-191	61.69	1	31.94	0.5945	1	1.16	0	0.08493	0	-0.1181	-0.7577	-0.02332	0.02146
Subj-192	59.64	0	28.38	-1.438	0	-1.191	0	0.09038	0	-0.6806	-0.2125	-0.03622	-0.6282
Subj-193	60.05	0	30.8	0.7736	1	2.73	1	0.1535	0	0.1613	-0.7514	0.1805	0.1296
Subj-194	58.82	1	30.65	0.7369	0	-0.06337	2	0.5238	1	-0.9014	-0.08536	-0.8402	0.6456
Subj-195	62.78	1	32.42	0.5364	1	2.115	2	0.06774	0	-0.2924	1.298	-1.069	0.04733
Subj-196	58.58	0	27.98	-1.311	0	-2.691	0	0.1175	0	-0.3619	-0.6375	-0.243	-0.1519
Subj-197	58.65	1	28.99	-0.8369	0	-1.896	0	0.3241	0	-0.5341	0.8982	-0.3979	-0.5787
Subj-198	60.66	0	31.52	1.195	0	1.174	0	0.02836	0	0.3476	-0.06364	-0.3887	0.03928
Subj-199	59.9	1	31.27	0.8193	0	1.147	0	0.1033	0	-0.8875	-0.7871	-0.7044	-0.4279
Subj-2	60.18	0	28.8	-1.296	0	-0.4005	0	0.3648	0	-1.566	0.2755	0.7314	-0.1355
Subj-20	59.37	0	30.03	0.3396	0	-0.6753	0	0.1709	0	-0.1717	0.08165	0.1432	0.1615
Subj-200	60.6	0	31.97	1.665	0	2.179	2	0.0347	1	-0.7178	0.2892	-0.1455	0.1092
Subj-201	60.52	0	29.58	-0.6761	0	0.5032	0	0.2409	0	-0.7505	1.279	0.1973	0.1132
Subj-202	59.06	0	29.38	-0.153	0	0.3672	0	0.06219	0	-0.4414	0.6061	0.3001	0.3613
Subj-203	59.74	0	30.65	0.7842	0	-0.1439	0	0.04	0	0.1541	-0.08543	-0.4162	0.2077
Subj-204	60.13	0	31.59	1.53	1	0.7723	0	0.05898	0	-0.7983	-0.6645	-0.1754	0.239
Subj-205	60.05	1	29.69	-0.8352	0	-0.1052	0	0.09246	0	0.8083	1.496	-0.5764	-0.2377
Subj-206	60.31	0	30.46	0.308	0	-0.4102	0	0.05168	0	-0.2948	-0.8211	0.5998	0.7155
Subj-207	60.02	0	29.84	-0.1694	0	-0.6399	0	0.09912	0	0.3985	-0.01844	-0.5507	0.6656
Subj-208	60.95	1	32.07	1.091	0	0.8042	0	0.0307	0	0.4441	0.3949	-0.6579	0.2794
Subj-209	61.47	1	30.62	-0.6131	0	0.9347	0	0.005844	0	-0.1125	0.6871	-0.2694	0.5417
Subj-21	59.68	1	30.23	-0.1049	0	0.5945	0	0.004034	0	-1.206	-0.6544	0.1648	0.4086
Subj-210	58.06	0	28.92	-0.1128	0	-1.09	0	0.07248	0	0.9178	-0.008565	-0.06247	0.2328
Subj-211	59.68	1	29.77	-0.5651	0	0.5193	0	0.04247	0	0.6629	0.2784	0.6853	-0.4313
Subj-212	59.09	0	27.62	-1.926	0	-3.084	0	0.05148	0	-0.3927	0.1737	-0.1078	0.3437
Subj-213	61.09	1	30.33	-0.7118	0	-0.05025	0	0.1207	1	-0.9356	-0.6944	-0.2251	0.3655
Subj-214	59.85	1	28.16	-2.271	0	-1.842	0	0.04174	0	-0.2804	1.121	0.465	0.4193
Subj-215	60.54	1	31.97	1.199	0	0.856	1	0.003514	0	0.5466	-0.4536	0.03396	-0.4945
Subj-216	59.43	0	26.38	-3.339	0	-2.432	0	0.06373	0	0.06575	0.2137	0.5074	0.1445
Subj-217	60.55	0	30.31	0.03195	0	-1.895	2	0.03908	0	-0.1652	-0.4674	-0.7626	0.2632
Subj-218	61.26	0	30.14	-0.488	0	-0.5681	0	0.06561	0	0.6696	0.06859	-0.6638	-0.817
Subj-219	59.04	0	29.74	0.2242	0	-1.552	0	0.349	0	-1.169	-0.4737	0.9019	-0.624
Subj-22	59.29	1	30.61	0.4659	0	-0.1398	0	0.2762	1	0.8002	0.02006	0.5383	-0.5595
Subj-220	57.97	0	28.74	-0.2499	0	-2.291	0	0.07961	0	-0.2498	0.2547	-0.7992	-0.3979
Subj-221	61	1	32.67	1.672	0	2.408	2	0.1387	1	-0.1372	0.5361	0.3403	0.4069
Subj-222	59.45	0	29.65	-0.07004	0	-1.401	0	0.06929	0	0.5814	-0.3558	-0.5265	-1.432
Subj-223	60.35	0	30.82	0.6433	1	0.7477	0	0.3236	0	0.6096	-0.6333	0.3131	0.6247
Subj-224	60.48	0	30.19	-0.04471	0	1.015	2	0.07937	0	0.4207	-0.3183	0.4497	0.4548
Subj-225	60.09	1	30.24	-0.3074	0	-0.59	0	0.09016	0	-0.2783	0.6039	0.2686	0.4258
Subj-226	59.83	1	30.32	-0.09712	0	2.434	0	0.1725	0	-0.4886	0.4803	-0.1584	-0.001596
Subj-227	57.9	1	28.5	-0.9442	0	-2.716	0	0.02203	0	-0.05093	-0.2166	0.5286	-0.2444
Subj-228	59.16	0	28.99	-0.5859	0	-0.7431	0	0.04514	0	-0.28	0.6358	0.8206	-0.02078
Subj-229	60.55	0	28.99	-1.281	0	-3.017	0	0.1938	0	0.09871	0.1288	0.5782	0.2016
Subj-23	61.41	0	29.73	-0.9789	0	-0.8962	0	0.2921	0	0.2146	0.2486	-0.3539	1.158
Subj-230	62.1	0	30.37	-0.6782	0	-0.007673	0	0.1727	0	0.1039	-0.7272	-0.1374	-0.07832
Subj-231	60.2	1	29.74	-0.8542	0	1.706	0	0.2686	0	0.01056	0.5145	0.09694	0.08184
Subj-232	59.32	0	28.72	-0.938	0	-1.808	0	0.1484	0	0.483	0.0607	0.7495	-0.2163
Subj-233	61.36	0	28.45	-2.231	0	-1.609	0	0.008112	0	0.3578	0.62	-0.3491	0.3566
Subj-234	60.57	0	31.73	1.442	0	0.416	1	0.1874	1	0.1331	-0.139	-0.2261	-0.7308
Subj-235	60.87	1	31.47	0.5402	0	1.905	0	0.04649	0	-0.6714	-0.2146	-0.2313	0.04834
Subj-236	62.22	1	31.53	-0.07851	1	2.099	0	0.03437	0	0.2546	0.09252	0.06324	0.1213
Subj-237	58.47	0	28.82	-0.4147	0	-1.491	0	0.2582	0	-0.1638	0.1921	0.8886	-1.754
Subj-238	61.15	0	31.79	1.211	0	0.6677	0	0.07881	0	0.7191	0.6769	-0.0615	0.8526
Subj-239	60.26	1	29.75	-0.8828	0	0.3102	0	0.02353	0	0.163	-0.05742	-0.3377	1.121
Subj-24	60.98	1	29.41	-1.584	0	-2.316	0	0.08246	0	0.2036	0.8972	-0.09686	0.0236
Subj-240	60.88	1	31.16	0.2166	1	1.23	2	0.1128	0	-0.4331	0.5124	0.1454	0.4283
Subj-241	60.46	1	31.53	0.8034	0	0.7435	0	0.1417	0	-0.2337	0.2566	0.3073	-0.8375
Subj-242	58.68	1	30.41	0.5723	1	-0.6406	0	0.2052	0	0.5571	-0.1644	-0.8207	-0.1521
Subj-243	60.83	0	30.48	0.07053	0	0.4003	0	0.175	0	-0.3419	-1.265	0.6786	-0.1778
Subj-244	60.18	1	29.89	-0.7012	0	-0.9246	0	0.1777	0	0.1682	0.3371	0.3892	1.2
Subj-245	59.62	1	30.36	0.04884	0	1.144	0	0.04612	0	-0.4388	-0.4743	0.1105	0.4913
Subj-246	59.86	1	29.13	-1.299	0	0.1441	0	0.0007085	0	0.4938	-0.53	-0.2991	0.2162
Subj-247	59.99	0	31.33	1.331	0	-0.7411	0	0.05445	0	-0.4506	-0.03382	0.2662	-0.1991
Subj-248	60.77	1	30.07	-0.8212	0	0.2499	0	0.04188	0	0.403	0.9419	0.6018	0.3995
Subj-249	60.51	0	28.75	-1.506	0	-1.253	0	0.09902	0	-1.322	-0.6677	-0.1336	0.2463
Subj-25	58.81	0	28.6	-0.8101	0	-2.229	0	0.3405	0	-0.2847	-0.6955	0.09423	0.8708
Subj-250	60.96	1	30.69	-0.2891	0	0.8584	0	0.02821	0	-1.15	-1.535	0.09932	0.5649
Subj-251	59.9	0	30.4	0.4446	0	-0.4274	0	0.02267	0	0.3026	-0.1258	-0.2119	-0.09148
Subj-252	58.75	1	29.52	-0.3595	0	-0.9267	0	0.01805	0	-0.222	-0.1045	0.07957	-0.04312
Subj-253	60.63	1	32.36	1.54	0	1.463	2	0.1161	1	0.8143	0.5373	0.7004	0.3473
Subj-254	61.38	1	30.97	-0.2235	0	0.7051	1	0.08873	0	0.1627	0.3047	-0.3882	0.1059
Subj-255	60.54	0	29.33	-0.9418	0	-0.7205	0	0.00235	0	-0.2453	0.5571	0.5927	0.1213
Subj-256	60.4	1	31.1	0.3948	0	1.156	0	0.02632	0	0.7804	-0.7184	0.6377	1.117
Subj-257	59.88	0	29.51	-0.4269	0	-0.8985	0	0.1501	0	0.007497	-0.01501	-0.3256	0.1328
Subj-258	61.5	0	31.41	0.6591	0	2.349	0	0.04466	0	0.1251	-0.9545	0.1887	-0.8963
Subj-259	58.81	0	28.42	-0.9815	0	-3.332	0	0.02985	0	0.5337	0.2693	0.4458	-0.0828
Subj-26	58.64	0	29.23	-0.0899	0	-0.2427	0	0.2087	0	0.3202	0.5328	0.2804	0.2691
Subj-260	60.12	1	30.33	-0.2325	0	0.5944	0	0.01401	0	-0.3652	-0.4445	1.09	0.5503
Subj-261	60.29	1	30.68	0.03685	0	-0.2989	0	0.2403	0	-0.1181	-0.3616	-0.6564	0.3004
Subj-262	60.04	1	29.33	-1.194	0	-1.813	0	0.004168	0	0.02463	-0.28	-0.2074	0.3361
Subj-263	60.6	0	30.8	0.4995	0	1.82	1	0.1986	0	-1.428	-0.5142	-0.5323	1.077
Subj-264	60.03	1	29.65	-0.8684	0	-0.7431	1	0.1306	0	0.6446	1.441	-0.2458	0.02719
Subj-265	61.47	0	28.58	-2.158	0	-1.872	0	0.07501	0	-0.797	-0.2243	0.3067	-1.242
Subj-266	59.95	1	31.04	0.5657	0	1.415	0	0.007403	0	0.3956	0.08913	0.7821	-0.2848
Subj-267	60.59	1	32.26	1.461	0	3.81	0	0.07195	0	0.00287	-0.8526	0.01517	0.8525
Subj-268	59.98	0	29.51	-0.4817	0	-1.549	0	0.1055	0	-0.4227	0.9277	-0.9852	0.04071
Subj-269	59.31	1	30.33	0.1764	0	0.1702	0	0.1088	0	0.1658	0.42	-0.0281	-0.4252
Subj-27	60.28	1	29.56	-1.074	0	1.559	2	0.03787	0	-0.1748	0.09193	-0.07552	-0.4086
Subj-270	60.44	0	31.27	1.043	0	0.7609	0	0.2166	0	-1.649	0.2717	-0.08934	0.2741
Subj-271	60.79	0	30.26	-0.135	0	-0.736	0	0.4161	0	-0.1715	-0.4755	-0.03643	-0.4553
Subj-272	59.78	1	31.79	1.394	0	1.168	1	0.005574	0	-0.9669	0.2224	-0.161	-0.2851
Subj-273	59	1	30.64	0.6454	0	-0.4707	0	0.2379	0	-0.6321	0.02857	-0.02558	-0.1996
Subj-274	60.27	0	29.47	-0.6638	0	-1.904	0	0.3304	0	1.242	0.3723	-0.6654	-0.3096
Subj-275	57.69	1	30.34	0.9978	0	0.9198	0	0.05593	0	0.4918	0.8471	-0.2794	-0.8751
Subj-276	60.12	1	30.73	0.1737	0	0.1367	0	0.1864	0	-0.6027	0.003435	0.2336	-0.6259
Subj-277	59.59	1	29.48	-0.8193	1	-0.3101	1	0.01209	0	-0.2193	0.8924	-0.0684	0.1057
Subj-278	60.88	1	30.97	0.03189	0	0.7046	0	0.05583	1	0.9959	-0.1473	-0.9107	0.1882
Subj-279	60.7	1	29.91	-0.9446	0	0.5854	0	0.1061	0	-0.03894	0.8312	-0.4101	-0.2739
Subj-28	60.07	0	30.73	0.6935	0	0.8667	1	0.1831	0	0.03257	-1.151	0.2516	0.5048
Subj-280	60.55	1	30.97	0.1935	0	-0.5535	0	0.1031	0	0.06804	-0.2513	-0.466	-0.5902
Subj-281	61.3	0	30.48	-0.1693	0	0.2028	0	0.1333	0	-0.1491	-0.3368	-0.3132	0.7265
Subj-282	61.4	1	31.61	0.4125	0	2.099	0	0.166	1	0.9217	0.1487	-0.01986	0.6059
Subj-283	62.71	0	29.37	-1.983	0	-2.614	0	0.1312	0	0.8536	-0.6591	0.05135	0.2473
Subj-284	59.9	1	30.92	0.467	0	0.4822	1	0.3986	0	0.1882	0.4157	0.08642	-0.3504
Subj-285	58.89	1	29.31	-0.6398	0	-1.003	0	0.03967	0	1.364	-0.1098	0.6838	0.3598
Subj-286	60.74	1	29.84	-1.032	0	0.7397	0	0.03298	0	-0.336	-0.1155	0.6407	0.7198
Subj-287	61	1	30.49	-0.5045	0	2.01	1	0.2185	0	-1.486	-0.5133	0.4115	-0.7645
Subj-288	60.43	0	29.64	-0.5777	0	0.1597	0	0.4155	0	-0.5673	-0.04059	0.06958	-0.1138
Subj-289	59.06	0	30.27	0.7402	0	1.088	1	0.08539	0	0.7791	0.7472	-0.9958	0.02646
Subj-29	60.39	1	30	-0.7008	0	-1.222	0	0.02945	0	0.1831	-0.2647	0.7182	0.4433
Subj-290	59.61	0	30.66	0.8562	0	2.017	0	0.08266	0	0.4582	0.5221	0.4674	-0.3015
Subj-291	60.51	1	31.12	0.3658	0	1.028	0	0.2708	1	0.04853	-0.1742	-0.6888	-0.1361
Subj-292	61.53	1	33.36	2.101	1	3.204	0	0.004922	0	-0.8207	0.1446	0.03036	0.1333
Subj-293	59.43	1	30.79	0.5777	0	-0.4408	0	0.0374	0	-1.191	0.3105	-0.03256	0.7089
Subj-294	60.77	1	30.21	-0.6736	0	1.239	0	0.1268	0	0.3103	-0.7596	-0.03061	0.3492
Subj-295	59.37	0	30.62	0.9324	0	1.134	0	0.04846	0	0.316	-0.1522	0.2762	1.262
Subj-296	57.56	0	29.4	0.622	0	-0.05596	0	0.09585	0	-0.3938	-0.1254	-0.8662	-0.009335
Subj-297	60.82	0	30.38	-0.03305	0	1.164	0	0.3331	0	-0.1838	0.7789	0.06453	-0.9234
Subj-298	60.23	0	29.55	-0.5693	0	-1.395	2	0.6069	0	0.472	-0.09659	-0.7425	-0.6322
Subj-299	61.13	0	29.58	-0.989	0	-0.1283	1	0.2533	0	-0.1968	0.4705	0.1825	-0.5631
Subj-3	59.68	0	30.06	0.2194	0	0.8189	0	0.04222	0	0.7038	0.5889	-0.9682	0.16
Subj-30	59.16	1	30.49	0.4097	0	0.001643	0	0.1139	0	-0.2358	-0.2599	-0.6014	-0.2799
Subj-300	60.05	1	30.58	0.05042	0	0.8732	0	0.1215	0	-0.116	-0.2589	-0.5954	-0.1896
Subj-301	60.26	0	30.2	0.07348	0	-0.4171	0	0.4891	0	0.1249	-0.9379	0.0536	0.1485
Subj-302	59.72	1	30.57	0.215	0	0.2885	2	0.2169	0	-1.206	-0.5884	-0.5942	0.4583
Subj-303	60.89	0	30.52	0.07445	0	0.7431	0	0.01038	0	-0.03161	-1.147	0.2232	0.2983
Subj-304	59.88	1	30.51	0.06674	0	1.337	0	0.008169	0	0.1521	0.2225	-0.3847	1.781
Subj-305	59.2	1	29.15	-0.9522	0	-0.9967	0	0.0582	0	-0.8824	-0.2109	0.1068	-0.8742
Subj-306	60.79	0	31.7	1.31	1	0.8778	1	0.0785	0	-0.5767	-0.2071	0.02911	-0.217
Subj-307	59.41	1	30.3	0.09419	0	-0.9451	0	0.0331	0	-0.3275	-0.1857	0.8383	0.6779
Subj-308	58.21	1	26.86	-2.742	0	-1.653	0	0.2704	0	0.09356	-0.4315	0.09978	0.2038
Subj-309	60.93	1	31	0.03864	0	1.077	1	0.00418	0	0.01466	-0.04917	0.155	0.6046
Subj-31	58.42	0	29.64	0.4266	0	-1.227	0	0.06626	0	0.2538	0.4719	0.5036	-0.7685
Subj-310	58.35	0	28.61	-0.5621	0	-0.4458	0	0.01497	0	-0.4535	-0.6584	0.1729	-0.08421
Subj-311	59.82	1	31.99	1.578	0	0.2364	0	0.01819	0	0.204	0.1895	0.4951	0.02751
Subj-312	58.51	1	28.52	-1.233	0	-1.516	0	0.07372	0	-0.07359	0.1491	-0.6979	-0.29
Subj-313	60.14	0	29.3	-0.7661	0	-1.006	0	0.04258	0	-1.08	-0.4561	0.09527	1.06
Subj-314	60.68	0	31.12	0.7747	0	-1.521	0	0.03128	0	-1.212	0.156	-0.06995	-0.4837
Subj-315	59.27	0	29.18	-0.4594	0	-1.646	0	0.2242	1	-0.2054	-0.04688	0.3633	-0.3827
Subj-316	58.95	0	29.34	-0.137	0	-1.217	0	0.12	0	-0.4524	-0.1271	-0.447	-0.11
Subj-317	60.91	1	31.87	0.9187	0	2.427	1	0.04956	0	0.2305	0.4974	0.1182	-0.3014
Subj-318	61.39	1	28.99	-2.206	0	-2.706	0	0.02112	0	0.4968	0.4771	-0.03263	0.0293
Subj-319	59	0	28.71	-0.7902	0	-1.069	0	0.04755	0	-0.3582	-0.2584	-0.1168	-0.05717
Subj-32	59.17	0	29.91	0.3267	0	0.5816	0	0.3351	0	0.4644	-0.683	0.96	-0.4105
Subj-320	58	1	28.72	-0.7838	0	-3.107	0	0.1086	0	0.4408	1.018	0.4415	-0.4501
Subj-321	60.42	0	31.66	1.451	0	0.8833	0	0.158	0	0.2721	-0.04657	-0.1209	-0.3714
Subj-322	60.8	0	32.71	2.307	0	1.937	2	0.1724	1	-0.6166	0.3739	-0.1582	0.8729
Subj-323	60.23	0	29.51	-0.6016	0	-0.4408	0	0.02549	0	-0.5689	1.186	-0.7291	-0.009386
Subj-324	60.56	0	31.71	1.429	1	1.374	1	0.2194	1	-0.118	0.4614	-0.329	0.5911
Subj-325	60.22	1	32.15	1.539	1	1.551	2	0.1834	0	-0.01989	0.0936	-0.05376	-0.01935
Subj-326	59.24	1	30.26	0.1414	1	-0.0722	0	0.1945	0	-0.5766	-0.01889	0.5341	-0.07292
Subj-327	59.94	0	28.24	-1.725	0	-2.606	0	0.02734	0	-0.7519	-0.2379	0.674	-0.6605
Subj-328	58.57	1	28.08	-1.703	0	-3.267	0	0.04841	0	0.117	0.02648	-0.1635	0.6151
Subj-329	60.58	1	30.88	0.09451	0	1.003	0	0.147	0	-0.185	0.7959	1.158	-0.7022
Subj-33	60.87	1	31.1	0.1658	0	1.259	0	0.051	0	0.167	-0.3092	0.2839	0.2212
Subj-330	59.21	0	29.08	-0.5284	0	-0.3371	0	0.1885	0	0.3903	-0.8264	-0.4158	0.673
Subj-331	59.98	1	30.44	-0.04868	0	0.3591	0	0.032	0	-0.1426	-0.09075	0.1943	-0.9701
Subj-332	58.89	0	31.1	1.651	1	1.157	0	0.3306	0	0.3192	0.9797	0.6595	0.7416
Subj-333	59.55	0	30.23	0.4529	0	-0.6818	0	0.253	0	-0.3804	-0.1476	0.6979	0.6397
Subj-334	60.75	1	30.23	-0.6407	0	-1.466	0	0.02959	0	0.1748	0.3066	0.2202	0.3485
Subj-335	61.39	1	29.55	-1.64	0	-1.766	0	0.03098	0	-0.6301	0.8366	-0.2494	-0.7185
Subj-336	60.19	0	30.87	0.7693	1	0.7031	1	0.0365	0	-1.014	-0.5077	-0.861	0.3097
Subj-337	60.06	1	30.95	0.4212	1	1.341	1	0.1901	0	-0.447	0.07427	0.634	0.686
Subj-338	59.24	1	30.04	-0.07734	0	-0.4025	0	0.02569	0	0.1872	0.5224	-0.1177	-0.07844
Subj-339	60.69	1	30.81	-0.03652	0	-0.6249	0	0.04178	0	0.1824	0.6583	-0.2011	-0.8946
Subj-34	60.57	0	29.5	-0.7818	0	0.5377	0	0.07445	0	-0.5481	-0.2296	-0.7492	0.2032
Subj-340	59.26	1	31.02	0.8939	0	1.453	0	0.1572	0	0.1685	-1.916	-0.05516	0.03805
Subj-341	59.6	1	30.69	0.3884	0	3.049	0	0.02577	0	-0.09626	-0.4299	-0.5635	1.083
Subj-342	58.67	0	30.54	1.2	0	0.5868	0	0.2579	0	0.1612	-0.6847	0.3969	0.3899
Subj-343	58.34	1	27.87	-1.797	0	-2.244	0	0.2455	0	0.07483	0.1499	-0.7177	0.2883
Subj-344	60.51	1	30.4	-0.3574	0	0.3242	0	0.1617	0	-0.5624	-0.2441	0.109	0.1108
Subj-345	60.66	1	32.57	1.744	0	1.409	1	0.04898	0	0.05852	-0.8418	0.2732	-0.6667
Subj-346	60.42	0	29.34	-0.8667	0	0.362	0	0.0184	0	-0.234	-0.8083	0.4658	-0.3563
Subj-347	60.99	1	31.35	0.3544	0	0.9233	0	0.2399	1	-0.2836	-0.8126	-0.2031	0.05094
Subj-348	59.81	0	28.41	-1.491	0	-1.589	0	0.008226	0	0.4941	0.07188	0.3836	1.331
Subj-349	59.78	1	32.38	1.991	0	1.481	2	0.0465	0	-0.7291	-0.1447	0.9577	0.6729
Subj-35	60.1	0	33.52	3.464	1	3.537	2	0.06294	0	0.3562	-0.5705	-0.1362	-0.3755
Subj-350	60.71	0	29.77	-0.5856	0	-0.05334	0	0.2689	0	-0.6855	-1.245	0.3287	-0.2353
Subj-351	60	1	30.22	-0.2791	0	0.6779	0	0.1262	0	0.8386	0.595	0.2598	-0.2485
Subj-352	60.55	0	32.37	2.094	0	1.964	2	0.03745	0	0.1568	0.2361	-0.2975	-0.6792
Subj-353	60.33	0	31.37	1.203	1	0.4305	0	0.02633	0	0.327	-0.6728	0.3844	-0.2527
Subj-354	59.38	0	29.5	-0.1912	0	-1.409	0	0.07103	0	-0.2542	0.05322	0.3656	-0.2291
Subj-355	58.42	0	30.87	1.655	1	2.259	0	0.07646	0	0.04013	0.5683	0.00687	-0.06444
Subj-356	59.14	0	30.26	0.6877	0	-0.788	0	0.06441	0	-0.1969	-0.07594	0.4456	-0.2453
Subj-357	59.35	0	30.5	0.8318	0	0.9536	0	0.1294	1	-0.1438	0.03728	-0.7397	-0.005541
Subj-358	61.26	0	31.55	0.9217	0	-0.5681	0	0.2713	1	-0.7186	1.316	-0.4787	0.2964
Subj-359	59.9	1	31.13	0.6801	0	0.2254	0	0.1169	0	-0.5821	0.2455	-0.4216	-0.2806
Subj-36	59.23	1	30.47	0.3544	0	0.9681	2	0.1128	0	-0.6142	-0.2748	0.001977	0.7154
Subj-360	59.13	0	28.75	-0.8138	0	-0.9946	0	0.4129	0	-0.01102	0.1949	0.5543	1.327
Subj-361	60.35	0	29.11	-1.061	0	-0.9351	0	0.09423	0	0.8365	-0.2718	0.1028	-0.03736
Subj-362	61.13	1	32.39	1.329	0	2.983	2	0.08705	0	0.5699	0.655	0.1118	0.8811
Subj-363	59.1	0	28.76	-0.7887	0	-1.874	0	0.3628	0	0.699	0.9394	0.1324	1.176
Subj-364	61.93	0	31.29	0.3216	0	-0.01963	0	0.153	0	-0.2187	0.001659	-0.2459	0.3541
Subj-365	59.28	1	30.32	0.1798	0	0.1123	0	0.02356	0	-0.4752	-0.7317	-0.5372	0.1937
Subj-366	59.46	1	30.87	0.6416	0	0.01694	0	0.2226	0	0.06969	-0.4754	-0.5738	-0.3994
Subj-367	60.84	1	29.57	-1.348	1	-1.086	0	0.001504	0	-0.2648	0.5809	1.325	-0.1334
Subj-368	60.82	0	30.34	-0.06827	0	1.451	0	0.5868	0	0.8602	0.5411	-0.6218	0.2382
Subj-369	60.15	0	30.07	-0.0109	0	1.234	1	0.1363	0	-0.009906	1.022	0.06054	1.134
Subj-37	60.48	1	31.24	0.5014	0	0.6172	0	0.1095	0	0.5737	-0.3833	-1.032	-0.2451
Subj-370	59.65	0	29.75	-0.07884	0	-0.5509	0	0.1622	0	-0.01354	0.08574	0.8881	-0.7408
Subj-371	60.06	1	31.42	0.8893	0	3.362	0	0.06097	0	-0.3741	0.7583	0.4123	0.3652
Subj-372	58.08	0	29.96	0.9197	0	0.2008	0	0.1615	0	0.2967	-0.5194	0.1705	0.0892
Subj-373	60.08	1	29.68	-0.8654	0	-1.479	0	0.04223	0	-0.7326	-0.3804	0.1952	0.3456
Subj-374	60.73	1	31.39	0.5263	1	3.401	2	0.1494	0	-0.388	-0.307	-0.3939	0.7372
Subj-375	60.33	0	31	0.8368	0	-0.1721	0	0.01567	0	-0.2797	-0.07519	-0.4148	-0.2951
Subj-376	61.08	1	32.34	1.305	0	3.055	0	0.1609	1	-0.6747	-0.1371	-1.037	0.7992
Subj-377	58.62	0	28.63	-0.6823	0	-3.247	0	0.02214	0	-0.1382	-0.9768	0.3174	1.033
Subj-378	60.15	1	29.98	-0.596	0	-0.3955	0	0.2086	0	-0.07911	-0.828	0.2815	0.4126
Subj-379	58.63	1	30.69	0.8773	0	0.7299	0	0.03414	0	0.3015	-0.873	0.6581	1.602
Subj-38	61.56	1	30.41	-0.8668	0	0.03256	0	0.02406	0	-0.05331	-0.5813	-0.5428	0.1444
Subj-380	59.67	0	27.94	-1.896	0	-1.692	0	0.08163	0	0.4631	-0.5698	-0.3619	0.577
Subj-381	58.7	1	28.88	-0.9677	0	-1.862	0	0.09594	0	0.7354	0.8636	0.1508	0.1822
Subj-382	60.32	0	30.15	-0.01068	0	-0.2119	2	0.01446	0	-0.1467	-0.7693	0.3142	-0.9908
Subj-383	60.66	0	29.8	-0.5284	1	-0.233	0	0.1048	0	0.4208	-0.1898	-0.4095	-0.8054
Subj-384	60.2	1	30.59	-0.006597	0	0.7008	0	0.08355	0	-0.7924	-1.009	-0.9557	0.1271
Subj-385	60.05	1	30.52	0.0005426	0	-1.199	0	0.1039	0	-0.09011	-0.0531	-0.06695	-1.222
Subj-386	59.83	0	27.75	-2.164	0	-2.534	0	0.7013	0	0.3356	-0.2791	-0.2622	0.1429
Subj-387	60	1	31.48	0.9859	0	1.726	0	0.000427	0	-0.2373	0.08842	0.8797	-0.05659
Subj-388	58.57	0	28.22	-1.067	0	-2.662	0	0.1342	0	-0.03109	-0.1924	0.8902	0.7624
Subj-389	61.92	1	31.38	-0.07955	0	1.022	0	0.008261	0	-0.6048	0.427	-0.2434	0.3613
Subj-39	60.03	1	30.12	-0.3911	0	-1.689	0	0.09193	0	1.131	0.09425	0.1732	-0.5509
Subj-390	59.42	0	29.87	0.1575	0	-2.371	0	0.1668	0	-0.3739	0.09087	0.3075	0.7386
Subj-391	59.69	0	30.38	0.5316	0	0.1261	0	0.05847	0	-0.3138	0.4013	0.07735	-0.5362
Subj-392	59.28	0	30.94	1.299	0	0.6489	0	0.004025	0	-0.1861	0.1547	1.052	0.8657
Subj-393	58.91	1	29.23	-0.7216	0	-1.313	0	0.03182	0	-0.3587	0.186	-0.1885	0.8389
Subj-394	59.46	0	30.74	1.007	0	-0.2774	0	0.1416	0	-0.2341	-0.2466	-0.3185	-0.3259
Subj-395	58.83	1	30.19	0.2787	0	-0.7197	0	0.04386	0	-0.1338	-0.1758	0.09935	1.007
Subj-396	61.22	0	28.57	-2.038	0	-1.878	0	0.1821	0	-0.2739	0.2376	0.1221	-0.6168
Subj-397	59.09	0	30.33	0.7884	0	0.9525	1	0.4666	1	0.001188	0.7048	-0.126	1.695
Subj-398	60.35	0	32.02	1.842	0	2.593	0	0.06407	0	-0.454	0.2321	0.7266	0.4694
Subj-399	60.47	0	30.23	-0.008136	0	1.521	0	0.0541	0	-0.3932	-0.09226	-0.4803	0.6433
Subj-4	61.45	1	31.3	0.075	0	-0.1151	1	0.04587	0	0.3202	0.5256	-0.1297	0.4508
Subj-40	59.57	1	30.89	0.6069	0	1.836	2	0.04522	0	-0.1273	-0.3451	0.368	-0.4358
Subj-400	60.06	1	30.36	-0.1701	0	-0.1137	0	0.035	0	-0.5311	-0.1421	0.3468	0.05986
Subj-401	58.1	0	29.41	0.3564	0	-1.905	0	0.02685	0	0.3219	-1.244	-0.06997	-0.2893
Subj-402	60.25	0	31.71	1.59	0	1.252	0	0.1973	0	0.4418	1.388	0.008386	-0.3675
Subj-403	60.18	1	31.33	0.74	1	-0.1401	0	0.07253	0	0.4519	0.05295	-1.9	0.861
Subj-404	60.91	0	31.8	1.348	1	0.5599	0	0.08477	1	-0.0383	0.08756	0.563	0.4853
Subj-405	60.3	1	29.34	-1.312	0	-1.605	0	0.04099	0	-0.1964	0.7033	0.3787	0.1533
Subj-406	60.45	1	30.82	0.09273	0	1.75	0	0.03172	0	0.7266	-0.1719	-0.3809	0.1649
Subj-407	59.74	1	29.55	-0.8233	0	1.163	0	0.02123	0	-0.5419	0.1951	-0.2731	-0.6066
Subj-408	61.06	0	31.31	0.7788	0	0.858	1	0.03403	0	0.3463	-1.239	0.1797	-0.4385
Subj-409	61.19	1	31.86	0.7635	0	2.225	0	0.1306	0	-0.3633	-0.5474	-0.4189	0.7388
Subj-41	59.37	1	30.31	0.1255	0	0.9093	0	0.04338	0	-0.06345	-0.4957	-0.4869	-0.0489
Subj-410	59.03	0	30.22	0.7059	0	0.5293	0	0.1803	0	-0.8067	0.5506	-0.7197	-0.3812
Subj-411	58.06	1	29.81	0.2815	0	-0.274	0	0.2366	0	0.4599	-0.3359	-0.201	-0.2858
Subj-412	60.73	0	30.04	-0.3263	0	0.8969	0	0.1748	0	0.06055	-0.4221	0.2998	0.0928
Subj-413	61.08	0	31.61	1.069	0	0.1674	0	0.1616	0	0.8979	0.1831	-0.9282	1.17
Subj-414	58.92	1	29.98	0.02151	0	0.004079	0	0.1619	0	0.5405	-0.5004	0.01088	-0.254
Subj-415	60.78	1	29.94	-0.9514	0	-0.4541	0	0.2912	0	-0.09867	-1.02	-0.102	-0.3166
Subj-416	59.75	0	31.22	1.349	1	1.9	1	0.21	0	-0.6638	0.2095	-0.001725	0.226
Subj-417	60.41	0	29.75	-0.4483	0	-0.9811	0	0.06177	0	-0.4989	0.2249	-0.1072	0.9285
Subj-418	60	0	32.06	2.061	1	1.099	0	0.1277	1	-0.1252	-0.5794	0.8395	0.05727
Subj-419	61.17	0	28	-2.587	0	-3.547	0	0.03219	0	-0.2517	-0.5411	-0.208	0.5403
Subj-42	60.55	0	31.29	1.014	0	0.2302	2	0.02852	0	0.6625	0.004814	-0.07467	-0.09113
Subj-420	59.28	1	31.15	1.004	0	0.2258	0	0.1167	0	0.7854	-1.251	-0.1497	0.1033
Subj-421	60.2	0	30.79	0.6908	0	1.607	0	0.04987	0	0.1505	0.3304	-0.6814	0.7128
Subj-422	58.49	0	29.21	-0.03041	0	-2.59	0	0.09243	0	0.06014	-1.02	-0.505	-0.01553
Subj-423	60.49	0	28.68	-1.563	0	-2.631	0	0.07826	0	-0.7647	0.2674	0.7341	0.7789
Subj-424	58.01	0	27.57	-1.434	0	-3.201	0	0.3384	0	-0.08275	0.2545	0.2677	0.02712
Subj-425	60.98	1	31.59	0.5947	0	1.352	0	0.1112	1	0.1993	0.02073	0.616	0.7803
Subj-426	59.87	0	30.77	0.8348	0	-0.8641	0	0.1177	0	0.0933	-0.08366	0.4961	0.286
Subj-427	61.28	1	29.66	-1.484	0	-0.2409	0	0.05255	0	0.5471	0.5492	-0.4409	-0.3593
Subj-428	59.22	0	29.44	-0.1685	0	-1.553	0	0.484	0	-0.2012	-0.8818	0.4441	-0.5891
Subj-429	62.58	1	30.95	-0.8366	1	2.774	0	0.07683	0	0.6552	-1.043	-0.2194	0.2819
Subj-43	60.7	1	30.85	0.005303	0	0.7571	2	0.2482	0	0.1519	-0.7838	0.234	0.3156
Subj-430	59.95	1	30.59	0.1111	0	1.075	0	0.07673	0	-0.3284	-0.3413	-0.2713	-0.2766
Subj-431	60.78	1	31.31	0.4192	1	2.085	0	0.1179	1	-0.3554	-0.3178	-0.63	-0.08974
Subj-432	58.83	1	30.49	0.5697	0	-0.5085	0	0.1437	0	0.3176	0.08554	-0.6851	0.6299
Subj-433	58.6	0	28.51	-0.7913	0	-3.884	0	0.08051	0	0.4235	-0.9494	-0.1057	-0.4073
Subj-434	58.13	0	28.69	-0.3707	0	-2.032	0	0.3737	0	-0.632	-0.9136	-0.2782	0.5726
Subj-435	60.13	0	30.09	0.02531	0	0.07403	0	0.2705	0	-0.7731	-0.3012	1.096	-0.09229
Subj-436	59.11	1	30.1	0.0435	0	1.098	0	0.147	0	0.4111	0.341	-1.371	-0.9921
Subj-437	58.97	0	29.18	-0.3071	0	-2.119	1	0.2915	0	0.3342	0.3753	-0.9623	-0.8551
Subj-438	60.53	1	30.71	-0.05128	0	1.706	1	0.06494	0	-0.4184	-1.223	0.1359	0.5692
Subj-439	59.25	0	29.57	-0.05701	0	-0.2557	0	0.04712	1	0.0473	0.4817	0.2911	0.0006723
Subj-44	59.41	1	29.02	-1.19	0	-1.863	0	0.05421	0	0.4088	0.2044	-0.2227	-0.3318
Subj-440	59.33	0	31.16	1.492	1	1.099	2	0.1777	0	0.226	0.1721	0.2131	-0.09498
Subj-441	60.63	0	31.1	0.7899	0	1.903	0	0.3095	1	0.4502	-0.1947	-0.1244	0.05198
Subj-442	60.37	1	30.97	0.2871	0	0.8057	1	0.1946	0	-0.03051	-0.2355	-0.7326	0.5278
Subj-443	59.98	0	29.66	-0.3339	0	-0.8232	0	0.2041	0	0.2094	-0.153	0.5404	0.06824
Subj-444	60.38	0	29.19	-1.006	0	-0.5481	2	0.0938	0	-1.092	-0.137	0.1709	-0.3439
Subj-445	58.8	1	29.67	-0.2272	0	-0.9885	0	0.1888	0	-0.4269	-0.8078	0.6507	-0.5749
Subj-446	59.6	0	30.3	0.5002	0	-0.09966	0	0.05342	0	1.132	0.2438	-0.3425	-0.3137
Subj-447	59.1	1	30.09	0.04311	0	-0.09447	1	0.275	0	0.2583	1.476	-0.8311	0.08637
Subj-448	60.51	1	31.85	1.097	0	1.501	2	0.2241	0	-0.694	0.2018	-0.2688	0.1831
Subj-449	60.87	1	29.47	-1.464	0	0.4589	0	0.1297	0	-0.3221	0.1737	0.3411	-0.337
Subj-45	59.86	0	30.17	0.2415	0	-0.6515	1	0.2368	0	-0.4469	0.1006	-0.3638	-0.01853
Subj-450	61.58	0	30.87	0.08093	0	1.601	0	0.09964	0	-0.5706	0.1874	0.846	0.2493
Subj-451	59.93	0	30.46	0.4913	0	0.1027	0	0.2158	1	0.1252	0.5419	-0.252	0.3366
Subj-452	61.32	0	32.32	1.664	0	2.905	0	0.1508	1	-0.6592	0.2409	-0.4099	-0.347
Subj-453	59.34	0	28.58	-1.094	0	-2.42	0	0.08436	0	0.1023	-0.5039	0.1808	0.7571
Subj-454	60.68	0	31.32	0.9734	1	1.901	0	0.252	0	-0.01649	-0.3983	0.2922	-0.1274
Subj-455	60.32	1	30.02	-0.6396	0	-0.6393	0	0.5243	0	0.4117	-0.4495	1.237	-0.4487
Subj-456	60.27	1	32.9	2.266	1	1.269	2	0.01984	0	-0.6008	-0.5682	0.1337	-0.6507
Subj-457	59.97	1	32.74	2.249	1	2.571	2	0.2338	1	0.2468	-1.288	-0.375	0.02187
Subj-458	60.87	0	30.2	-0.2323	0	-0.05159	0	0.4154	0	0.3353	0.621	0.003919	0.47
Subj-459	62.25	0	28.22	-2.905	0	-1.893	1	0.04147	0	-0.5235	-0.07482	0.3811	-0.7963
Subj-46	59.19	1	30.62	0.5214	0	1.108	0	0.1723	0	1.186	0.7133	1.572	0.5386
Subj-460	60.59	1	28.63	-2.165	0	-4.074	0	0.01286	0	0.8799	-0.09762	-0.1596	0.3402
Subj-461	60.38	0	30.29	0.09428	0	-0.6764	1	0.1033	0	0.5849	0.3319	-0.6374	-0.2002
Subj-462	60.49	0	30.43	0.183	0	-0.7873	0	0.0455	0	0.6291	-0.9529	-0.4735	0.2462
Subj-463	59.08	1	29.03	-1.012	0	-0.2476	0	0.05298	0	0.2366	0.1572	-0.2427	-0.2279
Subj-464	59.76	0	30.68	0.8046	0	1.702	0	0.1181	0	0.1868	-0.2978	-0.3302	1.049
Subj-465	60.63	1	31.38	0.5675	0	0.07776	2	0.127	0	0.04522	0.4573	0.2909	0.3055
Subj-466	58.13	1	29.65	0.08667	0	-1.098	0	0.02749	0	0.9103	0.7318	0.1071	-0.04026
Subj-467	61.24	0	31.83	1.21	0	1.375	1	0.2093	0	0.006351	-0.2184	-0.1853	-0.3845
Subj-468	60.04	1	31.24	0.7251	1	3.063	0	0.01476	0	0.8939	-0.4125	-0.481	-0.7472
Subj-469	59.38	1	30.88	0.6898	0	1.267	0	0.2772	0	0.8071	-1.445	-0.7447	-0.09345
Subj-47	60.01	0	30.01	-0.0009014	0	-1.857	0	0.03906	0	0.7798	-0.2482	0.6069	-0.005025
Subj-470	59.67	1	29.82	-0.5151	0	-0.3202	0	0.0349	0	1.481	0.6154	0.3685	-0.7017
Subj-471	60.59	1	30.04	-0.7514	0	0.1458	0	0.2429	0	0.5082	0.8989	-0.3944	-0.2631
Subj-472	61.24	1	29.76	-1.366	0	-0.7346	1	0.3661	0	0.4082	0.6802	0.29	1.055
Subj-473	58.95	0	29.91	0.4339	0	-1.511	0	0.03065	0	0.3764	-0.8239	-1.047	-1.257
Subj-474	60.3	1	30.83	0.1847	0	-0.9473	1	0.04616	0	0.8919	-0.3613	-0.4143	-0.1901
Subj-475	57.7	0	29.02	0.1646	1	-1.246	0	0.03877	0	0.0172	-0.2821	-0.523	-0.8715
Subj-476	61.21	0	28.17	-2.433	0	-2.456	0	0.1714	0	0.5758	-0.5873	0.0123	-0.8692
Subj-477	60.62	0	30.12	-0.1924	0	-0.8397	0	0.2292	0	-0.1342	-0.4701	-0.1628	0.5364
Subj-478	61.03	1	32.14	1.129	1	1.704	0	0.1733	0	0.5099	-0.2662	0.6973	-0.04281
Subj-479	58.51	1	29.67	-0.08987	0	1.111	0	0.08002	0	-0.321	1.112	-0.1817	-0.5915
Subj-48	61.85	0	32.12	1.193	1	2.468	2	0.09059	0	0.853	0.2041	0.04948	0.1257
Subj-480	58.94	1	30.6	0.6346	1	0.4674	0	0.1677	0	1.031	-0.2092	-0.1924	0.2957
Subj-481	59.19	1	30.82	0.7228	0	1.53	0	0.07757	1	-0.06684	0.6768	-0.09509	-0.1684
Subj-482	61.51	1	30	-1.26	0	1.413	0	0.03853	0	0.08947	-0.297	-0.004084	0.1262
Subj-483	61.29	0	30.08	-0.5684	0	-0.8645	0	0.1527	0	0.01107	-0.8875	0.01647	0.5869
Subj-484	61.63	1	31.24	-0.07688	0	0.6342	0	0.04817	1	-0.3635	0.09529	-0.09595	0.3956
Subj-485	61.22	0	30.93	0.3188	0	1.125	0	0.09723	0	-0.2908	-0.4397	-0.3413	0.7129
Subj-486	60.8	0	31.75	1.35	0	0.8889	0	0.1022	0	0.8811	-0.1453	0.05241	0.1075
Subj-487	59.22	0	29.38	-0.2283	0	-0.9239	0	0.2053	0	-0.704	-0.9028	0.2467	-0.3599
Subj-488	59.41	0	28.73	-0.9754	0	-3.237	0	0.02276	0	-0.215	0.5054	0.8859	0.3546
Subj-489	60.03	1	30.1	-0.4184	0	-0.3226	0	0.1223	0	-1.614	0.5124	-0.5713	0.4299
Subj-49	59.9	1	30.03	-0.4166	0	-1.116	0	0.0006097	0	0.5751	0.4546	-0.4974	0.1702
Subj-490	62.26	1	32.06	0.4348	0	2.083	0	0.06201	0	-0.493	0.2996	1.068	0.6399
Subj-491	61.92	0	30.24	-0.7225	0	-1.538	0	0.2443	0	0.02372	-0.3103	1.085	-0.3717
Subj-492	60.33	1	31.63	0.9612	1	1.431	0	0.3095	0	0.1813	0.1314	-0.3274	-0.467
Subj-493	59.85	1	29.2	-1.222	0	-1.768	0	0.223	0	0.7969	-0.07786	-1.005	-0.6191
Subj-494	59.26	0	31.08	1.451	0	0.4538	0	0.009563	0	-0.2274	0.4489	-0.3901	-0.2083
Subj-495	61.03	1	31.22	0.2044	0	2.498	2	0.01048	0	-0.3556	0.62	-0.8775	-0.7627
Subj-496	59.15	1	28.34	-1.733	0	-1.373	0	0.1809	1	0.4765	-0.1971	-0.1293	-0.1496
Subj-497	58.52	0	29	-0.2571	0	-0.1969	0	0.0836	0	0.4677	0.2501	0.3091	0.07689
Subj-498	60.28	0	29.55	-0.5961	0	1.104	0	0.1378	0	0.147	-0.6257	-0.8067	0.4281
Subj-499	60.11	0	30.61	0.5552	0	0.6244	0	0.09412	0	0.4597	-0.08836	-0.928	-0.1425
Subj-5	61.06	0	30.54	0.006981	0	0.6901	1	0.1093	0	0.2282	-0.09707	-0.9276	0.1369
Subj-50	59.43	1	30.62	0.4069	0	0.5863	0	0.2321	0	-1.017	0.1266	-0.8864	-0.6561
Subj-500	60.17	1	30.64	0.05701	0	0.58	0	0.2273	0	0.2831	-1.346	-0.4083	0.4949
Subj-51	60.08	0	30.77	0.7267	0	0.7879	0	0.07466	0	-0.3259	-0.7234	-0.1239	0.6674
Subj-52	59.1	0	30.46	0.9083	0	-0.4567	0	0.04645	0	-0.09464	0.03686	0.09643	0.3928
Subj-53	61.71	0	30.71	-0.1478	0	-0.3068	0	0.007895	0	-0.4443	0.6678	0.5372	0.8542
Subj-54	59.29	0	29.48	-0.164	0	-0.218	0	0.1094	0	-1.446	-0.05154	0.08589	-0.7517
Subj-55	60.53	1	30.86	0.09822	0	2.167	2	0.5437	1	0.188	0.605	-0.7922	0.8243
Subj-56	59.92	0	30.05	0.09069	0	0.6455	0	0.07179	0	-0.08379	0.5462	-0.8134	-0.2447
Subj-57	60.08	1	30.81	0.275	0	-0.7388	1	0.01828	0	-0.1685	0.1187	0.5808	0.3096
Subj-58	59.43	0	29.7	-0.01953	0	-0.6315	0	0.02382	0	0.2232	-0.478	1.359	0.2774
Subj-59	59.62	1	31.96	1.653	0	1.725	0	0.00542	0	-0.1883	-0.3427	-0.389	-0.3537
Subj-6	60.25	0	30.56	0.4344	0	1.164	0	0.04271	0	-0.2246	0.8818	0.1223	-1.003
Subj-60	60.65	0	29.97	-0.3521	0	-1.303	0	0.2021	0	0.1542	0.0267	0.07922	-0.7433
Subj-61	59.8	1	29.36	-1.04	0	-2.545	0	0.01983	0	-0.3128	-0.4193	-0.9302	0.5507
Subj-62	60.3	1	28.96	-1.689	0	-2.055	0	0.005595	0	-0.03639	0.3983	0.6352	0.5191
Subj-63	60.15	0	29.78	-0.2944	0	0.243	0	0.02614	0	-0.442	-0.4337	-0.5959	0.7105
Subj-64	59.74	0	30.77	0.9014	0	-1.152	0	0.05695	0	-0.4962	0.1933	-0.2843	0.09706
Subj-65	60.57	0	30.6	0.314	0	0.9049	0	0.1022	0	0.1741	0.4834	0.2773	0.536
Subj-66	58.68	0	29.37	0.03353	0	-0.8612	0	0.0845	0	0.2877	1.035	-0.4158	0.1026
Subj-67	58.19	0	28.43	-0.6677	0	-1.042	0	0.3386	0	-0.3196	0.03974	-0.738	0.5047
Subj-68	60.87	1	32.15	1.216	0	0.3733	2	0.02798	0	0.1594	0.3569	0.39	-0.4446
Subj-69	60.78	0	31.21	0.8175	0	1.746	0	0.04365	0	-1.227	-0.02178	-0.03858	-1.096
Subj-7	62.3	1	31.93	0.2867	0	0.286	1	0.2427	0	0.1883	0.2312	0.5793	0.4573
Subj-70	60.24	1	30.45	-0.1644	1	0.7566	0	0.04903	0	-0.522	-0.6849	-1.594	-0.3123
Subj-71	58.78	1	29.57	-0.3229	0	-0.9096	0	0.01473	0	-0.3298	-0.9095	-0.06313	-0.02718
Subj-72	59.67	1	29.28	-1.051	0	0.7001	0	0.04497	0	0.8631	0.2043	0.2272	-0.04406
Subj-73	61.21	0	32.01	1.406	0	1.974	0	0.0412	0	0.3651	-0.6436	-0.8324	0.9768
Subj-74	58.38	1	28.66	-1.032	0	-1.82	0	0.1515	0	0.6028	0.1757	1.001	-0.5075
Subj-75	59.03	0	30.49	0.9741	0	-0.5259	0	0.2922	0	0.09188	-0.6303	-0.4052	0.5529
Subj-76	59.9	1	30.52	0.07652	0	0.01254	0	0.1823	0	-0.3021	-0.3951	0.09991	-0.4681
Subj-77	61.18	1	29.28	-1.812	0	-1.039	0	0.127	0	0.1294	-0.3633	-0.4752	0.5188
Subj-78	60.51	1	30.88	0.1319	0	1.718	0	0.1964	1	0.2797	-0.06978	-0.2548	0.2823
Subj-79	59.52	0	29.53	-0.2311	0	-1.735	0	0.3708	0	0.2685	-0.04809	-0.5491	0.6504
Subj-8	62.35	0	32.07	0.8998	1	0.9185	2	0.07168	0	-0.151	0.6517	0.4539	0.5
Subj-80	60.6	1	30.2	-0.6042	0	-0.5902	0	0.05044	0	-0.5856	1.018	-0.1233	-0.3832
Subj-81	59.6	1	30.45	0.1514	0	-0.1933	0	0.07485	0	-0.03648	0.7019	0.4821	0.2213
Subj-82	60.14	1	31.1	0.527	0	0.4756	0	0.2682	0	-0.4816	0.3673	-0.8219	0.5412
Subj-83	58.9	0	31.43	1.978	0	0.4149	0	0.3345	0	-0.3916	0.5231	0.7683	0.4374
Subj-84	60.74	1	30.21	-0.6559	0	1.464	0	0.06139	0	-0.3261	-0.03385	0.5492	0.5263
Subj-85	60.48	0	27.72	-2.521	0	-2.736	0	0.2993	0	-0.6932	-1.134	-0.9573	0.5535
Subj-86	59.3	1	29.09	-1.057	0	-1.531	0	0.1572	0	0.3515	-0.2155	-0.2939	0.6577
Subj-87	60.06	0	29.29	-0.7408	0	1.54	0	0.1093	0	-0.225	-0.1548	-1.355	-0.3136
Subj-88	59.45	1	31.17	0.9463	0	-1.979	1	0.421	1	-0.2501	0.4079	0.4009	0.9558
Subj-89	58.85	0	30.21	0.782	0	-0.05658	0	0.04951	0	0.1089	-0.2452	-0.7157	0.2461
Subj-9	60.73	0	29.51	-0.8496	0	-0.3094	0	0.172	0	-0.5341	0.2828	-0.3874	0.2533
Subj-90	61.15	1	31.61	0.5417	0	2.533	0	0.1087	1	-0.232	-0.5495	-0.6628	0.4674
Subj-91	56.79	0	27.23	-1.17	0	-2.204	0	0.04979	0	0.3508	-0.6398	-0.1236	0.6418
Subj-92	60.98	1	32.47	1.477	0	1.836	0	0.2347	1	-0.6646	0.6747	0.3442	0.5199
Subj-93	58.5	0	29.81	0.5552	0	-0.04885	1	0.2219	0	0.6532	0.4556	-0.2683	0.851
Subj-94	59.92	0	28.89	-1.071	0	-1.62	0	0.3179	0	0.2263	-0.1906	0.6374	-0.1769
Subj-95	60.61	0	30.83	0.5244	0	0.2396	1	0.142	0	0.01468	0.1886	-0.0207	0.5684
Subj-96	59.59	0	29.04	-0.7504	0	-1.391	0	0.04197	0	-1.195	0.8047	-0.6593	-0.6199
Subj-97	59.26	1	30.12	-0.009698	1	0.1864	0	0.04468	0	-0.8523	-0.1119	0.3309	-0.5642
Subj-98	59.59	0	28.77	-1.02	0	-1.925	0	0.05457	0	-0.4778	0.04904	0.546	0.3425
Subj-99	61	0	29.79	-0.7066	0	-0.8509	1	0.1358	0	-0.08748	-1.433	0.3089	0.5007
f10_1	61.04	1	31.61	0.5923	1	1.227	0	0.06946	0	-0.3235	1.343	-0.2972	-0.4378
f10_10	59.79	1	29.55	-0.846	0	-1.377	0	0.07869	0	0.08107	1.535	0.2173	-1.803
f10_2	61.28	1	29.24	-1.897	0	-1.857	0	0.3151	0	-0.3295	0.9171	1.773	-0.08717
f10_3	58.78	1	29.26	-0.6333	0	-1.87	0	0.4232	0	-0.3487	0.8781	-0.3175	1.264
f10_4	59.48	1	29.15	-1.093	0	0.1707	0	0.21	0	0.9698	0.5661	-0.1909	-1.625
f10_5	59.41	0	28.91	-0.7978	0	-0.5483	0	0.1266	0	-0.5682	2.006	0.8899	-0.5113
f10_6	59.98	1	30.58	0.08494	0	0.5779	1	0.1887	0	0.1551	1.68	0.8737	-0.733
f10_7	60.17	1	30.08	-0.5083	0	-0.00764	0	0.08068	0	-0.1059	2.145	0.3006	0.238
f10_8	59.42	1	27.77	-2.438	0	-3.486	0	0.06322	0	-0.6497	1.351	0.8027	0.9256
f10_9	60.83	0	29.47	-0.9393	0	-1.539	0	0.05606	0	0.07207	1.342	0.4742	-1.591
f11_1	59.02	0	29.67	0.1548	0	-1.165	0	0.3544	0	-0.562	0.7988	-2.35	-1.134
f11_10	59.24	0	29.69	0.06986	0	-0.3347	0	0.3135	0	-0.3767	0.5698	-2.813	-0.2896
f11_2	59.3	0	27.94	-1.707	0	-3.157	0	0.1391	0	-0.07276	0.1779	-1.89	-0.5763
f11_3	58.9	0	30.93	1.477	0	1.625	0	0.1866	0	0.7193	1.14	-1.171	-0.4751
f11_4	60.09	1	32.77	2.222	0	3.902	1	0.04635	0	-0.3756	0.5182	-1.172	0.8327
f11_5	60.43	1	30.92	0.2001	0	1.587	0	0.5329	1	0.1277	0.3214	-3.434	-1.074
f11_6	61.26	1	30.07	-1.057	0	-0.1681	0	0.2508	0	-1.113	0.2667	-3.295	-1.31
f11_7	60.12	0	31.7	1.645	1	-0.5488	2	0.05129	0	0.5042	0.6977	-2.818	-0.5839
f11_8	60.33	1	31.52	0.8545	1	0.6087	0	0.125	1	0.6961	1.644	-2.63	-0.6678
f11_9	61.45	1	31.53	0.305	1	0.5164	1	0.04369	0	-0.6318	1.097	-3.073	-0.09705
f12_1	60.04	0	31.73	1.709	0	1.773	1	0.1185	0	-0.4959	-1.162	1.374	-0.05916
f12_10	59.92	0	29.51	-0.4502	0	-0.6387	0	0.04945	0	-0.7334	-1.369	1.342	1.635
f12_2	59.94	0	30.14	0.1645	0	-0.1245	0	0.1321	0	-0.6958	-0.5983	1.889	1.87
f12_3	59.85	0	28.14	-1.783	1	-1.804	0	0.03026	0	-0.07666	-0.711	-0.4241	0.1051
f12_4	60.29	1	31.02	0.3772	0	0.155	1	0.003656	0	-0.157	-1.224	1.032	1.973
f12_5	59.95	0	32.38	2.403	1	2.546	1	0.05661	0	-0.6819	-0.8845	2.659	1.779
f12_6	60.44	1	31.96	1.235	0	1.367	0	0.1054	0	-0.7955	-1.083	2.419	1.068
f12_7	59.03	1	30.99	0.9754	1	0.2189	0	0.3309	0	-0.2399	-1.488	1.322	0.8695
f12_8	60.55	1	32.03	1.26	0	1.447	2	0.07541	0	-0.5281	-0.9307	1.136	0.9606
f12_9	59.59	0	31.23	1.435	0	0.8779	0	0.1423	0	-0.1922	-1.988	1.557	1.877
f13_1	59.01	1	30.24	0.2359	0	-1.635	2	0.1312	0	-1.001	1.059	0.07439	0.1185
f13_10	58.45	1	30.59	0.871	1	0.4789	0	0.03717	0	0.9088	1.446	0.001393	-0.6911
f13_2	60.44	0	29.45	-0.7731	0	-1.667	0	0.003504	0	0.7927	0.488	-0.9142	-0.164
f13_3	60.52	0	32.37	2.116	0	1.856	2	0.2089	1	-0.4546	0.7859	-0.6326	1.279
f13_4	58.34	0	29.78	0.6158	0	-2.105	0	0.3487	0	0.9708	0.2289	0.4724	-0.8553
f13_5	60.02	0	29.75	-0.2572	0	-0.7397	0	0.1788	0	-0.7029	1.048	-0.3885	-0.3846
f13_6	58.55	0	29.3	0.02435	0	-0.6046	0	0.05621	0	-0.116	1.279	-0.3899	0.2082
f13_7	59.36	0	30.35	0.6704	0	-1.702	0	0.8949	1	-0.878	1.344	-0.8925	0.2728
f13_8	60.78	0	30.57	0.1765	1	0.868	0	0.1431	0	-0.4626	1.021	-0.9734	0.8583
f13_9	59.05	1	30.38	0.3488	0	-1.589	0	0.04545	0	0.5248	0.3914	-0.2365	-0.1605
f14_1	58.98	0	28.57	-0.9166	0	-1.021	0	0.01245	0	-1.566	-0.9097	0.6456	0.536
f14_10	59.13	1	29.13	-0.9368	0	1.913	0	0.428	0	-1.415	0.1455	1.229	0.2935
f14_2	60.29	1	29.4	-1.243	0	1.378	0	0.5769	0	-1.35	0.2623	2.735	1.004
f14_3	61.59	1	32.2	0.9076	0	0.4557	0	0.04333	0	-1.006	-0.3783	1.092	-1.042
f14_4	59.6	0	29.4	-0.4065	0	-1.36	0	0.07649	0	-0.3799	-0.2776	0.291	-0.7255
f14_5	61.88	0	30.73	-0.2141	0	0.9939	0	0.06283	0	-2.065	-0.4275	1.999	0.8096
f14_6	59.42	1	27.93	-2.279	0	-3.409	0	0.002833	0	-1.8	-0.3635	2.259	0.746
f14_7	59.36	1	30.06	-0.1221	0	-0.0154	0	0.08687	0	-1.322	-0.8801	1.589	-0.001739
f14_8	59.78	0	30.67	0.7772	0	1.009	0	0.267	1	-1.85	-0.7861	1.884	0.3062
f14_9	60.56	0	29.4	-0.8797	0	-0.7649	0	0.1386	0	-0.9302	-0.3723	1.611	0.5618
f15_1	59.1	0	28.22	-1.331	0	-3.588	0	0.122	0	-1.195	0.6338	2.217	-0.4135
f15_10	59.73	0	30.11	0.2451	0	-0.2629	0	0.005928	0	-0.5422	0.4312	1.928	-1.18
f15_2	61.71	0	30.24	-0.6112	0	0.6132	0	0.09283	0	-1.274	1.426	2.096	-0.09547
f15_3	58.63	1	31.16	1.343	1	-1.437	0	0.1401	1	-0.2727	0.4877	1.147	-0.03139
f15_4	58.34	1	29.86	0.1937	0	-1.745	0	0.06675	0	-0.09096	-0.2718	0.1156	-0.5919
f15_5	59.24	0	29.34	-0.2745	0	-2.269	0	0.1848	0	-1.887	1.704	2.434	0.4922
f15_6	60.37	0	29.18	-1.005	0	-0.6415	0	0.02793	0	-1.537	1.158	3.021	-0.7413
f15_7	60.83	1	31.17	0.2526	0	1.159	1	0.1676	0	-1.558	1.307	2.068	-0.2509
f15_8	57.58	1	30.8	1.512	1	0.6807	0	0.2766	1	-1.563	0.9064	2.026	0.9991
f15_9	60.3	0	29.3	-0.8486	0	-1.04	0	0.09778	0	-0.4258	0.4049	2.013	-0.8797
f16_1	60.73	1	31.1	0.2338	0	2.513	0	0.1303	0	0.4506	0.4457	-1	-0.1701
f16_10	59.82	1	30.58	0.1679	1	2.719	0	0.1366	1	-1.024	0.9317	-1.327	-0.1972
f16_2	60.53	0	30.22	-0.04441	0	-0.5012	0	0.1022	0	-0.5463	0.6726	-1.966	0.6613
f16_3	60.34	1	30.26	-0.4088	0	-0.1008	0	0.0739	0	-1.138	-0.5717	-1.651	-0.02485
f16_4	59.67	1	32.02	1.686	0	1.702	2	0.05572	0	-1.217	-0.09617	-0.5167	-0.5326
f16_5	57.96	0	30.28	1.304	1	-0.7564	0	0.02276	0	-0.2882	0.168	-2.201	0.258
f16_6	59.09	1	30	-0.04804	0	-1.502	0	0.03606	0	-0.1997	1.458	-1.771	0.9861
f16_7	59.87	1	30.44	0.002381	0	1.13	0	0.137	0	-0.8109	-0.3998	-2.005	-0.3471
f16_8	59.4	1	30.63	0.4235	0	1.062	0	0.02813	0	-0.9153	-0.7224	-2.448	-0.1767
f16_9	60.58	1	31.63	0.8439	0	1.872	2	0.2241	0	-0.9895	1.193	-0.9091	0.1826
f17_1	59.76	1	29.67	-0.7102	0	-1.493	0	0.6446	0	-0.9041	-1.446	0.7767	-1.864
f17_10	60.27	1	30.39	-0.2473	0	0.1202	0	0.2472	0	-0.681	-0.7539	1.615	-2.074
f17_2	59.88	0	29.55	-0.3891	0	-0.894	0	0.07027	0	-0.747	-1.16	1.633	-1.784
f17_3	57.64	0	29.73	0.9055	0	1.021	0	0.3516	0	-0.1228	-1.02	0.4619	-1.086
f17_4	61.58	1	29.13	-2.159	0	-3.335	0	0.03619	0	0.109	0.06834	0.3655	-0.8975
f17_5	61.52	1	30.82	-0.4439	0	0.5931	0	0.1074	0	-1.21	-2.053	1.346	-2.581
f17_6	58.56	1	29.23	-0.5537	0	-0.339	0	0.07752	0	-1.189	-1.425	1.7	-2.279
f17_7	60.85	1	31.67	0.7506	0	2.436	0	0.03635	1	-0.6175	-1.619	1.64	-2.062
f17_8	59.81	0	30.47	0.5599	0	-0.3867	0	0.09795	0	-0.9268	-2.179	0.546	-2.324
f17_9	59.02	1	28.23	-1.781	0	-2.165	0	0.09374	0	-0.3015	-0.9781	1.072	-1.919
f18_1	59.05	0	30.99	1.461	1	-1.363	2	0.1189	0	0.1118	-1.168	-1.892	-1.104
f18_10	61.52	1	30.64	-0.625	0	-0.3173	0	0.09713	0	1.295	-0.6515	-2.223	-1.76
f18_2	61.24	0	30.8	0.1812	0	0.2196	1	0.01146	0	2.213	-1.023	-1.873	-1.059
f18_3	60.8	0	29.08	-1.316	0	-2.966	0	0.07606	0	-0.3543	-0.3198	0.2094	-0.08286
f18_4	58.32	0	29.71	0.5494	0	-0.4053	0	0.05774	0	0.1949	0.1309	-0.7253	-1.373
f18_5	61.65	1	32.27	0.9471	1	2.002	1	0.04162	0	1.855	-2.271	-2.669	-1.318
f18_6	60.41	0	30.09	-0.1154	0	0.3908	2	0.1089	1	1.391	-1.181	-2.61	-1.288
f18_7	59.99	0	29.61	-0.3892	0	-0.9423	0	0.4412	0	0.4627	-1.177	-0.9969	-0.7005
f18_8	60.87	1	30.79	-0.1435	0	-0.3573	0	0.03373	0	1.064	-1.09	-1.185	-1.073
f18_9	60.61	0	30.79	0.4809	0	0.02486	0	0.07826	0	0.6903	0.1709	-2.106	-1.615
f19_1	58.86	0	30.64	1.215	0	-0.3915	0	0.000269	0	1.343	-1.036	-0.4571	-0.4077
f19_10	60.87	1	31.74	0.8067	0	1.3	1	0.04054	0	0.2303	-0.6632	-0.783	0.05243
f19_2	58.27	1	28.53	-1.11	0	-1.208	0	0.4787	0	0.9271	-1.627	-0.8169	0.0528
f19_3	61.78	1	32.79	1.4	1	1.666	2	0.01815	0	1.63	0.2851	-0.602	0.02997
f19_4	62.32	0	30.83	-0.3279	0	-0.5028	0	0.02385	0	-1.044	0.02396	-0.2541	-0.09441
f19_5	59.88	0	30.3	0.3666	0	-0.6566	0	0.4255	0	2.294	-1.512	-0.9639	-0.1213
f19_6	60.85	1	32.02	1.092	1	1.714	0	0.02061	0	1.715	-1.622	-0.9626	-0.1478
f19_7	59.45	1	30.82	0.5922	0	0.0266	0	0.3412	0	2.244	-0.5518	-1.011	-0.03028
f19_8	59.8	1	30.42	0.02649	0	0.3645	2	0.1965	0	1.842	-0.6549	-0.6297	0.2014
f19_9	58.45	0	29.19	-0.03826	0	-0.4389	2	0.02102	0	0.7628	-0.8719	-0.5616	-0.3027
f1_1	60.12	1	28.74	-1.818	0	1.499	0	0.01321	0	-1.568	1.159	-0.2103	-0.219
f1_10	60.84	0	29.9	-0.5202	0	0.9455	0	0.1138	0	-1.389	-0.0119	0.2623	0.6655
f1_2	60.02	1	31.13	0.6161	0	0.5026	0	0.0004035	0	-1.149	-0.07222	-0.8128	0.1614
f1_3	59.7	0	31.39	1.536	0	2.718	0	0.002654	0	-0.09328	0.1336	-0.462	1.147
f1_4	59.86	0	31.25	1.322	0	1.606	0	0.2104	1	-0.7745	-0.3637	-0.3761	0.5315
f1_5	60.19	0	28.94	-1.158	0	-1.869	0	0.2317	0	-1.269	0.914	-0.9334	-0.5187
f1_6	59.7	0	29.89	0.04316	0	-3.291	2	0.06727	0	-1.996	0.6972	-0.167	0.5237
f1_7	61.18	1	31.86	0.7743	0	2.098	0	0.1435	0	-0.8104	0.9111	-0.3982	-0.1695
f1_8	58.77	1	30.93	1.049	0	0.6494	1	0.04735	0	-1.314	0.9021	-1.433	-0.4298
f1_9	62.16	1	32.27	0.6926	0	2.881	2	0.1898	0	-1.803	-0.4899	-0.7008	0.5361
f20_1	61.69	1	31.34	-0.007008	0	1.004	0	0.009819	0	2.119	1.191	0.7796	1.407
f20_10	60.96	1	30.87	-0.1106	1	1.625	0	0.01546	0	1.23	2.018	0.06816	0.7213
f20_2	61.2	0	29.68	-0.9248	0	-0.7544	0	0.153	0	2.602	1.213	0.14	0.3232
f20_3	60.99	1	32.34	1.338	1	0.7705	2	0.08239	0	-0.509	0.02484	0.2545	-0.2358
f20_4	59.56	0	29.01	-0.7692	0	-1.719	0	0.3608	0	0.8271	0.5894	-0.8461	0.4903
f20_5	58.78	1	29.67	-0.2185	0	-2.751	0	0.08839	0	2.808	2.006	1.214	0.6766
f20_6	58.64	0	29.21	-0.114	0	0.3457	0	0.1235	0	2.688	1.992	0.7529	0.7874
f20_7	60.3	1	31.32	0.6728	0	2.472	0	0.104	0	1.167	1.077	0.8685	0.5617
f20_8	59.11	1	31.45	1.398	0	2.422	0	0.03729	0	1.383	1.183	0.71	0.4944
f20_9	60.39	0	30.76	0.5672	1	-1.229	0	0.01168	0	2.427	1.6	0.5701	0.2367
f21_1	60	0	28.85	-1.153	0	-2.304	0	0.2119	0	-0.9739	-1.266	-1.942	-0.3088
f21_10	59.15	0	29.24	-0.3353	0	-2.896	0	0.1779	0	-0.232	-1.13	-1.288	-0.2073
f21_2	59.66	1	29.57	-0.7567	0	-1.035	0	0.1007	0	1.21	-0.5719	-1.671	0.362
f21_3	60.07	0	29.68	-0.3529	0	-1.084	0	0.06235	0	-0.267	-0.94	-0.4559	0.006339
f21_4	60.39	1	30.43	-0.2711	1	1.253	0	0.1068	0	-0.06526	-0.7488	-0.02669	0.07841
f21_5	60.08	0	28.9	-1.137	0	-1.014	0	0.7976	0	-0.1933	-2.053	-2.138	-0.3158
f21_6	59.3	1	28.98	-1.171	0	-2.583	0	0.01025	0	0.177	-1.005	-2.014	-0.5166
f21_7	59.07	1	30.02	-0.01176	0	-0.8371	0	0.3605	0	-0.4718	-1.616	-1.137	-0.1238
f21_8	61.86	1	30.94	-0.4855	0	0.4803	0	0.4198	0	-1.028	-1.249	-1.641	-0.2357
f21_9	59.67	0	30.04	0.2008	0	-1.798	0	0.4291	0	0.4715	-1.548	-1.167	-0.4697
f22_1	60.89	0	30.02	-0.4273	0	-2.576	0	0.02706	0	-1.305	-0.04365	-1.775	-1.791
f22_10	61.03	1	29.38	-1.634	0	-2.47	0	0.02479	0	-0.4983	0.1594	-1.189	-2.532
f22_2	59.51	1	29.13	-1.13	0	-2.056	0	0.01431	0	-1.138	-1.301	-2.35	-1.664
f22_3	59.07	0	30.07	0.5387	0	-1.554	0	0.1929	0	-0.8148	-0.5859	-0.6328	-1.017
f22_4	59.03	1	28.56	-1.45	0	-1.796	0	0.05216	0	0.6073	-0.1795	-0.4284	-1.575
f22_5	60.11	0	30.11	0.06009	0	-1.445	0	0.1009	0	-1.835	-1.291	-2.29	-2.091
f22_6	59.96	1	30.65	0.164	0	0.2873	0	0.08201	0	-1.397	-0.3516	-2.402	-2.53
f22_7	59.02	0	29.75	0.2392	0	-0.4552	0	0.1855	0	-2.279	-0.8549	-2.041	-2.024
f22_8	59.76	1	31.2	0.8226	0	1.051	0	0.1933	0	-1.747	-1.037	-1.905	-1.755
f22_9	61.71	1	31.19	-0.1624	0	1.199	0	0.0441	0	0.03856	-0.783	-1.568	-2.05
f23_1	58.45	1	30.39	0.669	0	-0.1236	0	0.153	0	-0.2263	2.747	-0.6295	-0.6458
f23_10	58.85	0	28.45	-0.9741	0	-1.555	0	0.04891	0	-0.06652	2.073	-1.242	-0.08319
f23_2	58.65	1	30.14	0.3121	0	0.228	1	0.02084	1	-0.499	1.429	-1.012	0.5406
f23_3	59.99	1	28.71	-1.784	0	-1.528	0	0.01546	0	-0.01262	1.638	-1.245	1.453
f23_4	58.54	0	28.06	-1.208	0	-2.534	0	0.07616	0	-0.1637	0.9529	-0.1821	-0.1802
f23_5	59.49	1	31.29	1.044	0	0.8165	0	0.1956	1	-0.1568	3.222	-1.462	0.6812
f23_6	58.98	1	30.58	0.5962	0	-0.6952	1	0.03394	0	0.003435	2.772	-1.219	-0.2458
f23_7	59.31	0	29.47	-0.1877	0	-0.3606	0	0.05679	0	0.2619	3.058	-1.481	1.294
f23_8	59.53	0	28.27	-1.491	0	-1.461	0	0.215	0	-0.1231	3.456	-1.4	0.6882
f23_9	58.03	0	30.07	1.055	0	-0.8729	0	0.1397	0	0.09749	2.039	-0.1474	-0.1853
f24_1	60.06	0	30.16	0.1333	0	-0.3108	0	0.02881	0	-1.587	-1.208	1.364	1.695
f24_10	61.21	1	30.23	-0.8743	0	-0.5245	0	0.3422	0	-1.253	-1.549	1.579	3.799
f24_2	60.75	0	30.32	-0.05247	0	0.4939	0	0.1356	0	0.4982	-0.172	0.1984	1.415
f24_3	61.43	1	31.31	0.09529	0	0.8339	1	0.04407	0	-0.5214	-0.05389	0.518	0.9069
f24_4	58.53	0	28.88	-0.385	0	-0.453	0	0.06819	0	-0.2559	-0.4261	1.325	2.867
f24_5	59.37	0	28.93	-0.7545	0	-0.9226	0	0.09429	0	-1.059	-0.3295	1.489	2.126
f24_6	58.94	1	29.82	-0.147	0	-0.4819	2	0.01797	0	-0.6431	-0.4199	0.726	2.938
f24_7	59.58	0	31.03	1.235	0	1.677	1	0.01105	0	-0.6326	-0.1272	1.258	1.025
f24_8	58.85	1	28.39	-1.535	0	-0.9969	0	0.04289	0	-1.25	-0.6436	0.8718	1.491
f24_9	58.88	0	29.75	0.3069	0	-1.314	0	0.04912	0	-0.02748	-0.4589	1.706	2.732
f25_1	59.93	0	29.72	-0.2451	1	0.3938	0	0.04176	0	1.787	-0.7607	0.7209	2.28
f25_10	60.49	0	30.33	0.09049	0	-1.415	2	0.09961	0	2.436	-0.5412	0.9871	1.983
f25_2	60.51	0	31.04	0.7827	0	1.094	0	0.003142	0	1.231	-0.1004	0.1894	2.033
f25_3	59.54	1	31.17	0.9017	1	0.225	0	0.3861	0	0.5097	0.2516	-1.703	1.869
f25_4	60.66	0	29.53	-0.7998	0	-2.037	0	0.2333	0	2.174	0.1473	0.5385	1.333
f25_5	61.06	0	32.11	1.584	0	2.546	1	0.0667	0	2.255	-0.5064	0.4602	3.795
f25_6	59.48	1	30.22	-0.02024	0	1.212	0	0.1849	0	1.724	-0.506	0.682	2.753
f25_7	59.03	0	31.13	1.614	0	4.236	0	0.08375	0	1.404	0.2647	-1.212	3.839
f25_8	58.64	1	31.25	1.428	1	0.5169	0	0.01873	0	1.875	0.01087	-0.9174	3.222
f25_9	59.46	0	28.95	-0.7766	0	-2.075	0	0.06708	0	2.241	-0.143	1.131	2.457
f26_1	60.08	0	29.25	-0.7883	0	1.289	0	0.1615	0	2.367	0.7294	-0.2517	1.094
f26_10	58.44	0	29.9	0.6732	0	-1.391	0	0.04718	0	1.299	1.002	-0.7358	0.9842
f26_2	60.28	0	31	0.8646	1	1.45	0	0.1631	1	1.732	1.175	0.4951	1.356
f26_3	59.22	1	28.77	-1.344	0	-2.693	0	0.07078	0	1.424	0.117	-0.4333	1.311
f26_4	59.39	0	30.71	1.019	1	0.7812	0	0.005398	0	-0.09431	0.6397	-0.1816	0.8038
f26_5	59.28	1	30.14	-0.003585	0	-2.005	0	0.2029	0	3.313	1.155	-0.6981	1.738
f26_6	60.28	0	30.78	0.6429	0	-1.514	0	0.06484	0	2.479	1.4	-0.1827	1.064
f26_7	60.65	1	30.39	-0.4334	0	0.7334	2	0.08965	0	3.231	0.7978	-1.008	1.538
f26_8	57.45	1	28.55	-0.6781	0	-1.766	0	0.2043	0	2.143	0.8207	-1.131	1.373
f26_9	57.29	0	30.01	1.37	1	0.7964	0	0.1488	0	1.268	1.05	-0.05909	1.203
f27_1	59.25	0	30.33	0.6991	0	-0.7044	0	0.005131	0	0.8812	-1.615	-0.6497	-0.5678
f27_10	59.28	1	31.19	1.056	1	1.043	0	0.06469	0	1.484	-1.929	-0.957	0.4554
f27_2	59.61	1	30.69	0.3849	1	0.6916	0	0.06855	0	0.7588	-1.497	0.139	0.4099
f27_3	62.05	0	32.1	1.072	1	-0.1362	1	0.02628	0	0.3261	0.5374	0.9429	0.2767
f27_4	58.74	1	30.65	0.7816	0	0.491	0	0.1648	0	0.7951	-1.689	-0.5773	0.2113
f27_5	60.96	1	31.77	0.7942	0	0.526	1	0.1038	0	0.6709	-1.784	0.1414	0.07072
f27_6	57.99	0	30.15	1.157	0	0.5789	0	0.07392	0	1.601	-2.043	0.02937	0.2577
f27_7	60.25	0	32.53	2.407	0	2.118	1	0.1022	0	0.9418	-1.218	0.6639	0.1333
f27_8	59.98	1	30.28	-0.2105	0	0.9734	0	0.07133	0	0.9851	-0.645	0.7793	0.7117
f27_9	61.09	0	30.13	-0.4186	0	-0.2546	0	0.1985	0	1.739	-1.684	-0.7618	0.3398
f28_1	60.51	0	30.33	0.07963	0	0.7297	0	0.009825	0	0.548	1.375	-1.468	-0.3756
f28_10	60.91	1	31.87	0.9164	0	0.8757	2	0.1421	0	0.3935	1.245	-1.718	0.9819
f28_2	58.71	0	29.12	-0.2389	0	-1.334	0	0.2519	0	0.2906	1.219	-1.872	-0.4946
f28_3	58.17	1	29.44	-0.148	0	-1.039	0	0.1045	0	0.6099	1.973	-1.285	-0.3452
f28_4	60.83	1	32.09	1.181	1	1.141	1	0.2033	0	-0.1347	0.7666	-0.8364	1.144
f28_5	61.18	1	29.52	-1.57	0	-1.394	0	0.1354	0	1.179	1.893	-2.527	-0.5447
f28_6	58.96	0	28.99	-0.4897	0	-0.3878	0	0.04565	0	0.9945	2.218	-2.215	-0.3746
f28_7	60.48	1	29.73	-1.013	0	0.228	2	0.05849	0	1.35	2.542	-1.923	-0.416
f28_8	60.03	1	29.73	-0.7887	0	0.0728	1	0.1816	0	0.9309	2.369	-2.363	-0.9253
f28_9	59.62	1	30.38	0.07455	0	-0.9969	0	0.1846	0	0.3677	1.238	-1.915	0.2439
f29_1	58.03	1	29.2	-0.3204	0	0.8292	0	0.1387	0	0.578	0.03608	0.052	-0.3513
f29_10	61.99	1	30.3	-1.198	0	-1.057	0	0.2406	0	0.5689	0.03164	0.4701	0.3028
f29_2	61.57	0	29.88	-0.9016	0	-1.52	0	0.001333	0	0.1269	1.009	0.3344	-0.7682
f29_3	59.77	0	29.61	-0.2817	0	-0.1701	0	0.09641	0	-0.3478	0.01055	0.7258	-1.953
f29_4	60.3	1	30.83	0.1776	0	3.427	2	0.1114	0	-0.08945	0.3116	0.8664	-0.7666
f29_5	60.53	0	29.95	-0.3111	1	-0.8958	0	0.04113	0	0.7276	0.8269	0.6052	-0.6404
f29_6	58.69	0	27.48	-1.863	0	-1.96	0	0.2163	0	0.109	0.02004	0.1472	-0.208
f29_7	61.54	1	31.86	0.5865	0	2.255	2	0.07344	0	0.1632	0.5217	0.1587	-1.644
f29_8	58.8	0	30.48	1.084	0	-0.5317	0	0.3353	1	0.3215	0.5444	1.045	-1.899
f29_9	60.6	1	29.87	-0.9267	0	-0.7059	0	0.1028	0	-0.1742	0.3987	0.8263	-0.2695
f2_1	60.94	1	30.52	-0.4518	0	-0.6407	0	0.2172	0	0.1285	-0.4561	1.443	-1.018
f2_10	61.5	1	31.6	0.352	0	2.05	1	0.1367	1	-0.2389	-0.3123	1.313	-1.604
f2_2	60.79	0	29.33	-1.066	0	-0.7554	0	0.01084	0	0.2214	0.409	1.895	-1.279
f2_3	60.12	1	30.72	0.162	0	0.7914	1	0.1267	0	-1.07	-0.2945	-0.02075	-0.4954
f2_4	59.45	1	30.35	0.1272	0	-1.305	0	0.01094	0	-0.2508	-0.3069	0.05538	-1.498
f2_5	58.28	1	30.25	0.6134	0	-1.17	0	0.04232	0	-0.02158	-0.6127	1.985	-1.97
f2_6	60.35	1	29.96	-0.7163	0	-0.8446	0	0.02058	0	0.7096	-0.08419	1.82	-1.922
f2_7	60.25	1	30.41	-0.2147	0	0.3745	0	0.2862	0	-1.148	-1.074	1.555	-1.681
f2_8	60.07	1	30.9	0.3651	0	0.3456	0	0.06011	0	-0.8446	-0.5314	1.395	-0.8766
f2_9	60.07	0	29.06	-0.9738	0	-2.383	0	0.04877	0	0.2164	-0.02607	1.541	-1.856
f30_1	61.4	0	29.9	-0.8015	0	-0.9119	2	0.07504	0	0.2517	0.3822	0.9955	0.7923
f30_10	60.5	1	31.98	1.229	1	2.688	1	0.1258	1	-0.2209	-0.456	1.322	-0.1448
f30_2	60.93	0	30.62	0.1501	0	-0.3592	0	0.02031	0	0.3671	-0.07654	1.796	1.013
f30_3	59.48	1	29.92	-0.3146	0	-0.09883	0	0.1038	0	0.9555	-1.128	0.2033	0.9452
f30_4	59.34	0	30.15	0.4761	0	0.2871	0	0.02562	0	0.06054	-0.4554	0.6939	-1.077
f30_5	60.17	0	30.11	0.02765	0	-0.9903	0	0.07945	0	0.4346	-0.08688	1.661	1.452
f30_6	59.23	1	30.3	0.1812	0	-0.6213	0	0.1729	0	0.1255	0.1903	2.025	0.8882
f30_7	59.64	1	30.15	-0.1682	0	1.201	0	0.04378	0	0.7055	-0.357	1.081	1.598
f30_8	59.66	0	29.22	-0.6135	0	-1.244	0	0.08123	0	0.8424	-1.079	1.479	1.415
f30_9	60.42	1	31.12	0.4057	0	2.45	0	0.2015	1	0.1533	0.1701	1.25	-0.01621
f31_1	59.72	0	28.94	-0.9223	0	-1.415	0	0.02672	0	-0.4917	-1.569	0.05056	0.4422
f31_10	61.32	1	30.22	-0.9464	0	0.5399	0	0.4136	0	0.1099	-1.406	0.7851	-0.9494
f31_2	60.86	1	31.26	0.3292	0	-0.9727	2	0.3695	0	-0.05549	-0.4881	-0.1271	-0.7196
f31_3	60.31	0	31.87	1.714	0	1.594	2	0.0232	0	-1.088	0.02984	-0.776	1.486
f31_4	59.02	0	28.26	-1.256	0	-2.299	0	0.1557	0	-0.07635	-0.3327	0.03464	-0.1191
f31_5	57.94	1	29.16	-0.3044	0	-1.537	0	0.01125	0	-0.1851	-1.076	-0.08245	-0.5505
f31_6	58.47	1	30.27	0.5363	0	1.882	2	0.1253	0	-0.5631	-1.106	0.2912	-0.4328
f31_7	60.93	1	30.94	-0.02232	0	-1.56	0	0.02016	0	-0.9244	-0.8478	-0.9874	0.2754
f31_8	59.47	0	31.5	1.767	0	2.922	0	0.03587	1	-1.164	-0.9776	-0.8319	0.2972
f31_9	60.88	1	29.75	-1.186	0	-0.7994	0	0.004803	0	-1.037	-0.9209	0.6947	0.3424
f32_1	60.18	0	32.76	2.673	0	1.688	2	0.1428	1	0.3904	-0.2188	0.8348	1.456
f32_10	60.69	0	30.19	-0.152	0	-2.117	1	0.005987	0	0.2107	-0.2658	0.8049	1.5
f32_2	60.6	1	30.08	-0.715	0	-1.608	2	0.004534	0	0.05373	-0.2515	1.346	1.232
f32_3	60.64	0	30.27	-0.0462	0	0.4516	0	0.1675	0	0.1332	-0.5241	1.256	1.425
f32_4	61.04	1	30.68	-0.3417	1	0.4514	0	0.06895	0	0.307	0.5863	0.8186	0.6008
f32_5	60.66	0	31.98	1.648	1	1.786	2	0.04766	0	0.9997	-0.9659	1.761	1.127
f32_6	60.09	0	31.05	1.008	0	0.2825	0	0.138	1	0.03072	-0.197	1.195	1.715
f32_7	59.99	0	32.45	2.454	1	0.6174	1	0.01476	0	0.6707	-0.6591	1.083	1.662
f32_8	60.05	0	29.6	-0.426	0	-0.9513	0	0.2545	0	0.9675	-1.071	1.975	2.184
f32_9	61.48	1	30.56	-0.6794	0	-0.5824	0	0.2063	1	0.5106	0.3618	1.316	1.397
f33_1	60.43	0	30.06	-0.1554	0	0.4986	0	0.000605	0	-0.2169	0.2444	-2.617	-0.9962
f33_10	60.22	0	30.28	0.1702	0	-1.42	0	0.2333	0	-0.839	0.445	-3.351	-0.8544
f33_2	59.39	1	30.06	-0.1406	0	-0.2144	0	0.01535	0	0.4566	0.6371	-1.686	-0.6866
f33_3	60.52	1	31.5	0.7454	0	2.063	2	0.001323	0	0.7068	0.03466	-0.7837	-1.196
f33_4	60.53	1	29.76	-1.007	0	-0.1025	1	0.1997	0	-0.8557	0.1665	-1.585	-0.6288
f33_5	61.74	1	30.72	-0.6511	0	2.628	0	0.4082	0	0.004351	0.2328	-3.085	-1.092
f33_6	58.96	1	29.68	-0.2943	0	0.3182	0	0.0525	0	0.2443	1.053	-3.251	-0.8389
f33_7	60.48	0	30.48	0.2457	0	-0.6825	0	0.06706	0	0.8414	0.5837	-2.961	-1.381
f33_8	59.01	0	29.89	0.379	0	-2.689	0	0.1488	0	0.7759	0.3739	-1.24	-1.927
f33_9	59.53	1	29.27	-0.9933	0	-3.199	0	0.08751	0	-0.9986	0.1289	-2.513	-1.193
f34_1	60.25	0	30.16	0.03242	0	-2.169	0	0.3263	0	1.742	0.2974	-0.5682	0.2455
f34_10	61.43	1	31.17	-0.04473	0	0.1724	0	0.2222	0	1.171	1.63	-0.3535	0.1786
f34_2	60.8	0	31.13	0.7308	0	1.514	0	0.1296	0	0.8788	0.3165	0.01176	0.2651
f34_3	59.99	0	29.73	-0.2663	1	-0.7224	0	0.2248	0	0.9468	-0.5193	-0.167	-0.02474
f34_4	60.58	0	30.77	0.4798	0	1.437	1	0.01908	0	0.2926	1.061	-0.7159	0.3932
f34_5	59.01	0	29.81	0.3032	0	-0.4102	0	0.506	0	1.863	-0.01892	-0.8132	-0.03816
f34_6	60.16	1	31.3	0.7142	0	1.156	0	0.3357	0	1.906	0.7339	-0.2438	0.2914
f34_7	59.56	1	30.72	0.4359	0	-0.7134	0	0.03683	0	2.263	0.233	-0.3657	0.08584
f34_8	57.97	1	28.47	-1.017	0	-1.58	0	0.04833	0	1.332	-0.3376	-0.5211	-0.6227
f34_9	59.55	0	30.38	0.6089	0	-1.33	0	0.2325	0	0.6351	1.15	-0.4484	0.4056
f35_1	59.66	1	31.29	0.9622	0	1.794	0	0.2424	0	-2.473	-1.717	-0.2765	1.498
f35_10	59.94	1	31.57	1.102	0	1.373	1	0.1477	0	-2.442	-1.784	-0.4195	1.884
f35_2	59.84	1	29.7	-0.7227	0	0.4519	0	0.2744	0	-1.761	-1.886	-0.2956	1.955
f35_3	58.58	1	30.02	0.2286	0	0.5541	0	0.2833	0	-1.226	0.5362	0.1587	0.2434
f35_4	58.9	1	30.97	1.017	0	2.117	0	0.0109	0	-0.82	-1.141	-0.7175	1.156
f35_5	58.38	0	29.39	0.202	0	-0.8442	0	0.7143	0	-2.409	-2.63	0.07499	2.25
f35_6	58.89	0	29.55	0.1017	0	-0.8917	0	0.2054	0	-2.881	-2.76	-0.3771	2.151
f35_7	60.62	1	30.76	-0.04988	1	0.5416	0	0.02811	0	-2.427	-0.6672	0.2298	1.562
f35_8	59.04	1	29.4	-0.6273	0	-1.442	0	0.3059	0	-2.703	-1.478	-0.02869	1.586
f35_9	62.27	0	31.32	0.1848	0	2.51	0	0.171	0	-2.526	-2.695	-0.9223	1.514
f36_1	60.98	1	30.4	-0.5924	1	0.4866	0	0.03906	0	-0.6692	-0.343	-0.4276	-1.445
f36_10	60.06	1	29.84	-0.6841	0	0.5223	0	0.02385	0	-1.335	-0.9867	-0.9937	-1.988
f36_2	59.17	0	28.78	-0.8042	0	-1.363	0	0.01874	0	-0.1573	-0.8843	-0.279	-3.078
f36_3	58.92	1	32.01	2.052	0	2.432	1	0.2868	0	-0.9851	0.01222	0.8787	0.8773
f36_4	59.76	0	29.86	-0.01612	0	-0.6495	0	0.2525	0	-0.7036	-1.556	-0.7468	-0.9773
f36_5	60.51	1	29.65	-1.108	0	-1.357	0	0.005434	0	-0.4905	-0.8632	-0.3531	-2.772
f36_6	59.41	0	28.32	-1.387	0	-0.9486	0	0.4312	0	-1.074	-0.5021	-0.684	-2.869
f36_7	60.51	1	31.1	0.3491	0	-1.481	0	0.02649	0	-0.6884	-0.3668	0.3479	-0.5364
f36_8	59.32	1	30.13	-0.02806	0	1.248	0	0.05482	0	-0.5916	-0.9387	0.1138	-1.187
f36_9	60.46	0	30.18	-0.0508	0	1.333	0	0.171	0	-0.9921	-0.8167	-0.8342	-2.407
f37_1	61.17	1	30.8	-0.2878	0	1.429	0	0.03204	0	-1.597	1.065	-0.1036	0.8249
f37_10	61.96	1	32.3	0.8237	1	1.837	0	0.1279	1	-1.401	1.875	-0.5255	0.8119
f37_2	60.27	1	30.7	0.06982	0	-0.9723	0	0.1408	0	-2.4	2.045	-1.318	2.548
f37_3	61.45	0	30.7	-0.02593	0	-0.266	2	0.175	0	-0.4376	0.3184	-0.808	1.211
f37_4	58.71	0	29.71	0.36	0	-1.838	0	0.01264	0	0.04094	0.7007	1.004	-0.476
f37_5	60.23	0	31.71	1.592	0	0.8541	1	0.1496	0	-2.426	2.43	-0.9617	2.743
f37_6	59.81	0	30.46	0.5546	0	0.1714	0	0.2489	0	-2.527	2.723	-1.072	1.235
f37_7	60.7	0	31.64	1.287	0	0.9881	0	0.1018	1	-1.374	1.406	-1.763	2.073
f37_8	59.6	0	29.95	0.1528	0	0.5582	0	0.03641	0	-1.443	1.372	-0.8696	2.752
f37_9	59.62	1	31.11	0.7938	1	1.75	0	0.2917	0	-1.549	2.449	-0.5212	0.6482
f38_1	60.1	0	30.03	-0.01814	0	-1.11	0	0.6006	1	-0.1055	-2.8	1.088	-1.082
f38_10	60.13	0	30.8	0.7384	0	0.03202	1	0.1406	0	0.1367	-1.78	1.409	-0.2357
f38_2	60.89	1	30.74	-0.2091	0	-0.09394	0	0.06699	0	-0.03428	-2.189	1.097	-0.401
f38_3	60.7	1	31.4	0.5532	0	0.8759	0	0.04099	0	0.8489	-0.936	-0.5107	0.3063
f38_4	60.07	1	30.71	0.1751	0	0.3358	0	0.02986	0	0.6738	-0.1332	1.417	-0.09648
f38_5	57.14	1	27.77	-1.302	0	-3.741	0	0.1599	0	0.04419	-3.095	1.354	-0.6116
f38_6	59.44	0	29.33	-0.3902	0	-1.016	0	0.2533	1	-0.1945	-3.107	0.7642	-0.7503
f38_7	62.16	1	30.97	-0.6062	1	0.5192	0	0.1207	1	0.7489	-2.612	0.08164	0.03168
f38_8	60.99	1	31.73	0.7324	1	1.724	0	0.02087	0	0.3714	-2.357	0.9864	-0.3235
f38_9	59.17	1	29.26	-0.8271	0	0.6683	0	0.7134	0	-0.08611	-1.729	0.5408	-0.3054
f39_1	59.61	0	29.51	-0.2907	0	0.02235	0	0.1016	0	-0.1562	3.007	-0.8175	-1.71
f39_10	61.14	0	28.83	-1.737	0	-1.786	0	0.1433	0	0.5385	1.486	0.7169	-2.732
f39_2	59.85	0	29.59	-0.336	0	-0.5698	0	0.3801	0	-0.61	1.708	-0.5493	-2.105
f39_3	59.42	1	30.51	0.2985	0	0.09887	1	0.05295	0	-0.2627	1.21	0.3122	-0.2255
f39_4	61.08	0	30.14	-0.3934	0	-1.011	0	0.09779	0	-0.02656	0.2811	0.6579	-1.911
f39_5	58.73	1	30.37	0.5026	0	-1.776	0	0.02379	0	-1.111	2.519	-0.6121	-1.905
f39_6	59.84	0	29.2	-0.7246	0	-3.736	0	0.1099	0	-0.04194	2.472	-0.3602	-2.587
f39_7	60.13	1	31.43	0.8661	0	-1.742	0	0.1776	0	-0.5979	2.071	0.01181	-1.161
f39_8	60.67	1	30.14	-0.6893	0	-1.059	0	0.5246	0	-0.188	1.995	0.06415	-0.938
f39_9	59.9	0	30.03	0.08262	1	-3.635	0	0.0575	0	0.2264	1.447	0.1773	-2.931
f3_1	59.53	1	29.75	-0.5159	0	-0.4291	0	0.05852	0	-1.108	-0.3456	1.264	-0.2129
f3_10	58.93	1	31.99	2.021	0	1.326	0	0.06021	0	-0.4828	-0.5793	1.601	0.2713
f3_2	57.48	0	28.01	-0.7258	0	-2.984	0	0.05855	0	-1.518	-0.2728	1.592	-0.6121
f3_3	59.43	0	30.19	0.4785	0	1.337	0	0.09053	0	0.7589	-0.4312	0.7095	0.1849
f3_4	60.61	0	31.38	1.072	0	1.658	1	0.02631	1	0.4581	-0.5081	1.65	0.5748
f3_5	60.04	1	30.89	0.3674	0	-0.01713	0	0.03931	1	-1.444	-0.4045	1.758	-0.7921
f3_6	60.06	0	29.77	-0.2644	0	-0.3253	0	0.0686	0	-1.733	-0.5531	1.634	-0.5692
f3_7	61.15	0	30.68	0.1064	0	-0.2948	0	0.05498	0	-0.2411	-0.2934	1.312	-0.2095
f3_8	59.62	0	30.46	0.6552	0	0.7806	0	0.05141	0	-0.4073	-0.5734	1.981	0.168
f3_9	59.9	1	31.09	0.6418	0	0.008278	2	0.3625	1	-0.8437	-0.6109	1.195	-0.6455
f40_1	59.82	0	30.54	0.6275	0	0.4641	0	0.09942	0	-0.6001	2.227	0.2767	1.43
f40_10	59.57	1	29.21	-1.071	0	-1.629	0	0.1817	0	-1.013	1.979	0.0908	1.073
f40_2	59.76	0	30.44	0.5549	0	-0.3861	0	0.2033	0	-0.6798	1.455	-0.7842	0.9908
f40_3	59.07	0	28.34	-1.198	0	-3.222	0	0.02384	0	0.02693	0.6102	-0.6239	0.2356
f40_4	59.96	1	31.53	1.051	0	1.079	0	0.111	1	-0.5138	1.529	0.1034	1.047
f40_5	59.1	1	32.06	2.017	0	1.588	2	0.1193	0	-0.4291	2.376	-0.06798	1.923
f40_6	60.09	1	31.42	0.87	0	2.203	0	0.07018	1	-1.166	2.435	-0.1362	1.123
f40_7	61.77	1	31.81	0.4255	0	2.432	0	0.1415	0	-0.2429	1.311	-0.7698	0.6596
f40_8	60.72	0	30.58	0.2214	0	-0.04801	0	0.2583	1	-0.3885	1.784	0.1639	0.6862
f40_9	60.41	0	30.89	0.6894	1	0.8765	0	0.1765	0	-0.8135	1.914	0.01747	0.8837
f41_1	58.91	1	32.53	2.576	0	0.9202	0	0.1272	0	1.6	0.8195	1.882	-0.6327
f41_10	60.96	1	29.51	-1.472	0	-1.16	0	0.2769	0	1.104	0.2424	0.843	-0.7714
f41_2	60.28	1	31.27	0.6248	0	-0.1227	0	0.2175	0	2.158	1.124	2.263	-0.6017
f41_3	59.38	0	29.68	-0.01116	0	1.71	0	0.01892	0	1.859	0.08909	0.8646	-0.3627
f41_4	56.93	1	28.02	-0.9414	0	-1.53	0	0.09999	0	0.3449	0.1546	-0.2382	-0.8462
f41_5	60.66	1	31.39	0.5565	0	1.386	0	0.1294	0	2.323	1.543	2.249	-1.067
f41_6	60.52	0	31.75	1.485	0	1.365	0	0.01753	0	2.168	1.259	2.335	-0.8526
f41_7	61.26	0	30.93	0.2951	0	-0.3478	0	0.06977	0	2.395	1.211	2.502	-0.899
f41_8	60.42	0	28.96	-1.255	0	-0.7752	1	0.1346	0	2.572	0.8998	1.613	-0.8085
f41_9	58.48	1	29.81	0.06699	0	-0.2969	1	0.1597	0	1.329	1.224	1.343	-1.427
f42_1	59.46	1	29.97	-0.2645	0	-0.4794	0	0.1623	0	0.5707	-1.629	-1.139	-0.1963
f42_10	58.64	1	29.95	0.1303	0	-0.1535	0	0.04466	0	-0.4643	-2.723	-1.826	1.266
f42_2	60.86	0	28.1	-2.337	0	-1.559	0	0.1187	0	-0.1243	-2.506	-2.389	2.484
f42_3	59.16	0	30.93	1.354	0	1.393	1	0.05932	0	1.015	-1.341	-0.5102	0.278
f42_4	59.6	0	30.11	0.314	0	0.8238	0	0.1595	0	-0.1755	-1.493	-0.701	1.241
f42_5	58.84	1	29.44	-0.4769	0	0.09711	0	0.06079	0	0.2665	-2.569	-2.907	1.554
f42_6	58.99	1	28.67	-1.322	0	-2.772	0	0.7501	0	0.266	-3.384	-2.573	1.057
f42_7	59.71	1	31.15	0.7949	1	1.061	0	0.01885	1	0.4693	-1.976	-1.969	0.9775
f42_8	61.05	0	31.25	0.7244	0	0.5315	0	0.08511	1	0.7085	-2.17	-2.069	0.9785
f42_9	59.38	0	29.05	-0.638	0	-1.616	0	0.07263	0	-0.6154	-2.993	-2.004	1.368
f43_1	60.75	1	29.07	-1.806	0	-0.4911	2	0.2992	1	-3.324	-2.205	-1.426	0.692
f43_10	59.85	1	29.69	-0.7316	0	-1.216	0	0.1172	0	-2.517	-2.681	-0.7587	0.8494
f43_2	59.76	0	29.31	-0.5748	0	-0.5507	0	0.07982	0	-2.416	-1.345	-0.9345	0.6314
f43_3	60.39	0	30.93	0.7311	1	1.769	1	0.08349	0	-0.4208	0.8848	-0.8149	-1.037
f43_4	59.37	1	30.34	0.1541	0	-1.676	0	0.1088	0	-0.6875	-0.7893	0.7733	0.1194
f43_5	58.71	0	27.6	-1.757	0	-2.966	0	0.045	0	-3.552	-2.347	-1.211	0.1104
f43_6	60.75	1	29.39	-1.488	0	0.4749	0	0.1633	0	-4.048	-2.301	-1.609	1.284
f43_7	60.4	1	30.26	-0.4432	0	-1.27	0	0.221	0	-2.474	-0.9616	-1.288	-0.1744
f43_8	59.96	1	29.5	-0.9763	0	-2.483	0	0.1349	0	-2.02	-1.055	-2.036	-0.2421
f43_9	60.49	0	29.68	-0.5662	0	-1.178	2	0.4112	0	-2.798	-1.61	-1.138	1.287
f44_1	60.16	0	30.81	0.731	0	0.2557	0	0.03589	0	1.047	-0.4517	0.6652	-2.868
f44_10	59.89	0	29.94	-0.005187	0	-1.46	1	0.09605	0	0.4643	-1.213	0.1009	-2.951
f44_2	59.82	0	30.73	0.817	0	-0.8333	2	0.119	0	0.1159	-1.134	0.4633	-3.202
f44_3	59.57	1	30.98	0.6961	0	0.4445	0	0.2949	0	0.8162	1.291	0.4762	0.01951
f44_4	59.93	1	29.88	-0.5852	0	-0.648	0	0.004672	0	-0.5179	-1.135	-0.2602	-1.26
f44_5	59.33	1	31.12	0.9546	0	0.773	0	0.02191	0	0.1991	-0.8317	0.2042	-3.529
f44_6	60.29	1	31.38	0.7376	0	2.133	0	0.0514	0	1.234	-1.21	0.6307	-4.121
f44_7	58.36	1	30.55	0.8721	0	0.3006	0	0.02056	0	0.8386	0.5699	0.6598	-1.801
f44_8	59.79	1	31.44	1.039	0	2.379	2	0.1478	0	1.323	-0.4764	0.0542	-1.503
f44_9	60.45	0	31.17	0.9517	0	0.8388	1	0.2372	0	0.7449	-1.162	0.001049	-3.408
f45_1	59.29	1	28.38	-1.769	0	-0.7858	0	0.03696	0	2.655	-0.4118	0.03983	-0.7555
f45_10	59.73	0	29.76	-0.1059	0	0.3614	0	0.0404	0	3.226	-1.35	-0.2854	-0.4467
f45_2	60.7	1	31.91	1.059	0	1.967	1	0.1625	0	2.668	-1.484	-0.3929	-0.8293
f45_3	60.31	1	30.46	-0.1995	0	-0.2964	0	0.02615	0	0.9041	-0.04435	0.1236	0.01144
f45_4	60.59	0	29.9	-0.3964	0	-1.388	0	0.1046	0	1.385	-0.5408	-0.5016	-0.3656
f45_5	60.89	0	30.73	0.2819	0	1.238	0	0.14	1	3.372	-1.443	-0.007535	-1.556
f45_6	59.91	0	30.08	0.12	0	-0.8207	0	0.08126	0	3.984	-1.316	-0.1152	-0.04244
f45_7	58.52	1	30.66	0.8971	0	-3.055	0	0.04164	0	2.403	-1.187	0.03497	-1.063
f45_8	60.8	0	30.22	-0.1734	1	0.3744	0	0.1683	0	2.437	-1.367	-0.4065	-0.8023
f45_9	60.51	1	32	1.241	1	2.934	0	0.1619	1	2.795	-1.055	-0.6435	-0.4024
f46_1	60.48	0	30.77	0.529	0	-1.136	1	0.005822	0	1.832	-2.828	1.033	0.7811
f46_10	61.96	0	31.11	0.1291	0	0.5228	2	0.03837	0	1.341	-4.316	0.4856	0.3181
f46_2	61.94	1	31.58	0.1126	1	1.64	1	0.0089	0	1.846	-1.965	0.8204	1.449
f46_3	60.59	0	32.78	2.479	0	1.323	1	0.01002	0	1.278	-0.1103	0.4614	0.1971
f46_4	62.09	0	31.68	0.6336	0	2.033	0	0.1235	0	0.08344	-3.075	-1.241	-0.3602
f46_5	60.44	1	31.7	0.9825	1	2.109	0	0.03328	0	2.414	-3.126	0.6416	1.655
f46_6	58.95	0	30.19	0.7125	0	1.332	0	0.2938	0	2.546	-3.843	1.072	1.194
f46_7	59.28	0	31.86	2.216	1	1.959	0	0.1217	1	2.16	-1.475	0.7066	1.67
f46_8	58.86	1	32.86	2.933	1	2.741	0	0.1818	1	2.1	-1.321	0.4716	0.584
f46_9	58.48	1	29.39	-0.3448	1	-0.1124	0	0.0322	0	0.9131	-4.002	0.2902	1.22
f47_1	59.57	0	31.2	1.416	0	0.4425	0	0.06785	0	-0.6687	-1.405	0.7957	-1.858
f47_10	60.4	0	31.51	1.316	1	1.149	0	0.0164	0	-0.3327	-0.3115	0.6511	-2.345
f47_2	61.26	0	31.22	0.5844	1	0.08592	0	0.05542	0	-1.564	-0.03683	0.9927	-2.603
f47_3	59.61	0	28.39	-1.412	0	-1.448	0	0.05682	0	-1.031	-0.385	1.118	-0.4192
f47_4	60.61	1	31.91	1.107	0	2.538	1	0.2497	1	0.1752	0.7577	-0.883	-0.5569
f47_5	62.03	1	32.11	0.5968	1	1.72	0	0.08533	1	-1.519	-1.356	1.636	-3.479
f47_6	59.02	1	30.77	0.7565	0	1.143	0	0.2978	0	-1.149	-1.473	1.395	-4.097
f47_7	59.43	1	29.15	-1.063	0	-2.34	1	0.09623	0	-1.023	-1.303	1.718	-2.157
f47_8	59.89	0	29.62	-0.3211	0	-0.1429	0	0.02602	0	-1.401	-0.9588	1.735	-2.077
f47_9	58.79	0	29.94	0.5432	0	-1.292	0	0.07556	0	-1.191	-0.4882	-0.337	-2.929
f48_1	60.34	0	30.16	-0.009411	0	0.2962	0	0.3077	0	0.2834	0.956	2.874	-1.934
f48_10	60.31	1	32.06	1.41	0	1.291	0	0.04265	0	1.113	-0.2938	1.583	-1.716
f48_2	61.25	0	30.18	-0.4466	0	-0.9583	0	0.03949	0	0.4622	0.1337	1.672	-0.7553
f48_3	60.55	1	30.71	-0.06981	0	0.5166	0	0.09038	0	-0.5838	0.4666	0.336	-0.6836
f48_4	60.84	1	32.51	1.585	0	1.781	1	0.1221	0	0.1903	-0.4471	0.05914	-0.3712
f48_5	59.81	1	30.4	-0.008705	0	0.7645	0	0.318	0	0.2743	1.301	2.891	-1.201
f48_6	62.59	1	30.81	-0.9824	0	0.3347	1	0.07272	0	1.046	0.6715	2.59	-2.609
f48_7	61.53	0	30	-0.7632	0	-0.7959	0	0.06924	0	-0.241	0.8852	2.21	-1.511
f48_8	58.68	1	28.77	-1.069	0	-2.119	0	0.00322	0	-0.5342	0.5219	1.804	-0.7723
f48_9	59.9	1	30.41	-0.04229	0	-0.7547	0	0.0008989	0	0.7704	0.5673	2.204	-1.335
f49_1	60.05	0	28.54	-1.49	0	-1.905	0	0.09552	0	-1.219	1.428	0.3877	-0.02284
f49_10	60.26	1	31.92	1.286	1	0.4639	2	0.1195	0	-1.757	1.742	-0.05086	0.3147
f49_2	58.71	1	30.16	0.3093	0	0.3487	0	0.08986	0	-0.6565	1.6	-0.9625	-0.1474
f49_3	58.36	0	30.71	1.533	0	2.123	0	0.07702	0	-1.381	0.7017	1.677	-1.074
f49_4	60.32	0	31.49	1.331	0	1.946	0	0.09774	1	-0.7282	0.2516	0.6122	0.4563
f49_5	60.33	0	29.58	-0.5835	0	-1.887	0	0.208	0	-1.855	1.878	0.07166	0.0005681
f49_6	59.63	1	30.63	0.3189	0	0.01024	0	0.2252	0	-1.295	2.079	-0.5468	-0.3722
f49_7	61.26	1	32.62	1.492	0	2.792	1	0.185	1	-1.959	1.159	1.397	-0.6197
f49_8	61.07	1	30.6	-0.4397	0	2.961	0	0.1751	0	-1.94	1.516	1.005	-0.8806
f49_9	58.86	1	31.79	1.86	1	2.65	0	0.03724	0	-1.4	1.301	0.08493	-0.4921
f4_1	59.73	1	30.76	0.3955	0	0.1893	1	0.08428	0	0.3437	0.4556	-0.6484	-0.5566
f4_10	61.34	0	31.03	0.3619	0	0.4138	0	0.205	1	0.3783	2.133	-0.3191	-2.103
f4_2	60.77	0	31.39	1	0	0.7675	0	0.1076	0	1.283	0.5693	-0.9027	-2.108
f4_3	60.74	1	29.81	-1.066	0	-0.8861	2	0.04139	0	0.1996	0.1309	0.1725	-1.416
f4_4	59.4	1	29.4	-0.8032	0	0.4725	0	0.2621	0	-0.08708	1.606	0.4894	-1.836
f4_5	58.93	1	31.58	1.618	1	2.388	0	0.01464	0	1.833	0.1833	-0.6494	-1.784
f4_6	61.66	0	31.56	0.7301	0	1.236	1	0.04881	0	0.7049	0.9341	-0.2368	-1.534
f4_7	60.12	0	30.08	0.01691	0	0.3884	0	0.01447	0	1.001	0.4447	-0.5625	-2.341
f4_8	60.55	0	31.32	1.045	0	1.68	1	0.2642	0	1.032	0.449	-0.8976	-2.209
f4_9	60.3	0	30.32	0.1712	1	1.019	0	0.04058	0	0.1664	1.397	0.4946	-2.051
f50_1	60.5	1	30.65	-0.1011	0	-0.9585	0	0.05812	0	-2.064	1.248	-0.4738	0.7303
f50_10	59.46	0	29.38	-0.35	0	1.739	0	0.1462	0	-1.869	0.6532	-0.6743	0.7971
f50_2	60.4	0	30.48	0.2759	0	0.2218	0	0.2371	0	-1.267	0.8752	0.07803	1.103
f50_3	61.67	0	31.02	0.1855	0	0.8412	0	0.04796	0	-1.646	-0.03982	0.8607	-0.5661
f50_4	59.36	0	29.2	-0.4799	0	-0.7004	0	0.3767	0	-0.3405	0.3698	-0.7426	0.1341
f50_5	60.61	0	30.21	-0.09828	0	0.4823	0	0.02204	0	-2.731	2.035	-0.1978	1.227
f50_6	60.23	1	31.25	0.6328	1	0.7414	0	0.01642	0	-2.705	1.841	-0.486	1.045
f50_7	59.62	0	29.86	0.04653	0	0.389	0	0.02918	0	-2.559	0.7674	0.2622	0.504
f50_8	57.89	0	28.34	-0.606	0	-3.341	0	0.1295	0	-2.686	1.051	0.7189	-0.05197
f50_9	61.01	1	31.08	0.0728	0	-1.857	2	0.1433	1	-1.679	1.798	-1.082	0.5132
f5_1	60	1	29.36	-1.137	0	-1.143	0	0.1103	0	0.9209	1.627	-0.09695	1.775
f5_10	60.96	1	31.46	0.4844	0	2.193	1	0.3029	1	-0.7307	1.493	0.1385	1.66
f5_2	60.39	1	29.46	-1.23	0	-0.9391	0	0.03253	0	0.1827	0.1938	-0.2324	1.432
f5_3	60.45	1	31.23	0.5023	1	0.1535	0	0.02479	0	-0.2534	-0.3273	-0.1342	0.8856
f5_4	59.72	1	30.58	0.2176	0	-1.141	0	0.1418	0	-0.7453	0.5716	-0.4864	0.6337
f5_5	60.39	0	27.58	-2.62	0	-1.416	0	0.01773	0	0.7177	1.247	-0.3368	2.082
f5_6	60.13	0	29.42	-0.6411	0	-0.5016	0	0.3232	0	0.005216	1.917	0.08365	2.05
f5_7	60.67	1	29.96	-0.8739	0	-0.4134	0	0.125	0	0.6753	1.093	-0.2846	1.856
f5_8	59.23	0	29.05	-0.5619	0	0.2545	0	0.2601	0	0.0221	-0.08299	0.2213	1.139
f5_9	60.88	1	30.6	-0.3358	0	0.114	0	0.3536	0	-0.272	1.37	-0.01787	1.712
f6_1	60.13	1	31.01	0.4444	0	2.98	0	0.1298	0	2.357	-0.5877	0.1435	1.421
f6_10	61.04	0	30.42	-0.1003	0	-0.5019	0	0.05484	0	3.57	0.1099	0.2974	-0.136
f6_2	60.02	0	28.28	-1.729	0	-3.037	0	0.04891	0	3.213	-0.4161	-0.7906	1.084
f6_3	59.65	0	30.37	0.5393	0	-1.975	0	0.1433	0	1.267	-0.619	-1.446	-0.06274
f6_4	59.78	0	30.14	0.2491	1	0.4793	0	0.09902	0	1.773	0.7408	0.6386	-1.055
f6_5	60.54	1	30.66	-0.1059	0	-0.1724	0	0.03902	0	4.042	-0.5164	-0.3191	1.475
f6_6	59.36	0	28.28	-1.397	0	-1.681	0	0.4837	0	3.829	-0.7623	-0.1492	1.02
f6_7	59.26	1	31.22	1.088	0	1.503	2	0.02598	0	3.036	0.008986	-0.7316	1.15
f6_8	62.06	1	31.81	0.2793	0	3.09	2	0.06927	0	2.834	-0.4211	-1.694	0.8951
f6_9	59.3	0	29.56	-0.0916	0	-0.1953	0	0.002057	0	3.321	-0.03643	0.1911	-0.5607
f7_1	59.56	0	28.5	-1.284	0	-2.427	0	0.08938	0	1.092	0.705	-0.1142	0.6963
f7_10	60.84	1	31.28	0.3604	0	1.061	0	0.304	0	0.8008	1.9	-0.01619	0.4106
f7_2	59.44	1	31.04	0.8233	0	1.621	0	0.04957	0	0.2812	0.8803	-0.7828	-0.2743
f7_3	60.01	0	28.62	-1.39	0	-3.712	0	0.2079	0	-0.1307	-0.3482	-0.7467	-1.019
f7_4	59.46	0	28.69	-1.04	0	-0.2993	0	0.4615	0	0.3941	1.247	-0.4591	-0.1199
f7_5	58.29	1	29.52	-0.1237	0	-1.582	0	0.08368	0	1.366	0.509	-1.146	-0.0459
f7_6	61.48	0	30.67	-0.0691	0	-0.1594	0	0.2984	0	0.5472	1.441	-0.2315	0.4579
f7_7	60.29	0	29.64	-0.5082	0	0.1449	0	0.1435	1	0.8922	-0.2156	-1.059	-0.6131
f7_8	61.23	1	31.04	-0.07458	0	1.04	0	0.05572	0	1.364	0.3261	-0.9997	-0.8372
f7_9	58.76	1	30.11	0.236	1	-0.8231	1	0.083	0	0.0535	1.351	-0.1275	-0.4299
f8_1	59.26	0	29.82	0.1893	0	-2.333	0	0.5489	0	0.9259	-0.3871	1.81	-0.9129
f8_10	59.71	0	30	0.1449	0	0.04763	0	0.1112	0	0.69	0.1528	2.591	-1.583
f8_2	61.52	0	31.26	0.4995	0	1.223	0	0.0006256	0	0.2825	-0.2002	1.838	0.8577
f8_3	60.82	1	30.6	-0.3063	0	0.2264	0	0.1772	0	-0.5947	1.449	1.215	0.9134
f8_4	59.89	0	30.79	0.8468	0	0.2513	0	0.1527	0	0.2874	0.6061	0.8216	-1.69
f8_5	59.39	0	30.57	0.8771	0	0.7911	0	0.1196	0	0.2579	-0.3054	2.537	-0.04504
f8_6	61.4	0	30.56	-0.1354	0	0.9653	0	0.1636	0	1.273	0.04568	2.678	-0.4725
f8_7	60.17	0	31.09	1.01	0	2.212	0	0.04428	0	-0.2142	0.1916	2.321	1.316
f8_8	60.61	0	30.43	0.13	1	0.4071	2	0.1153	0	-0.5375	0.7063	2.122	0.8209
f8_9	60.14	1	29.72	-0.8496	0	-0.388	0	0.1357	0	0.5927	0.4775	2.36	-1.02
f9_1	59.28	1	28.69	-1.45	0	-2.226	0	0.05303	0	-0.2614	0.8215	2.579	-0.517
f9_10	60.16	1	30.29	-0.2887	0	1.033	1	0.01397	0	0.1409	0.732	2.324	0.1377
f9_2	60.32	1	29.6	-1.058	0	-1.393	0	0.115	0	-0.4044	1.93	1.83	0.1591
f9_3	59.45	0	27.94	-1.783	0	-2.22	0	0.0457	0	0.2111	0.6701	1.456	0.4625
f9_4	58.79	0	29.7	0.3017	0	1.698	0	0.07116	0	0.2745	0.2148	1.246	0.3721
f9_5	59.25	0	29.33	-0.2955	0	0.06684	0	0.03091	0	-0.2154	1.879	2.728	-0.2285
f9_6	57.9	1	28.56	-0.895	0	-1.572	0	0.04264	0	-0.4657	1.654	3.118	-0.1834
f9_7	62.05	1	30.85	-0.6721	1	2.195	2	0.0455	0	0.3539	1.344	2.009	0.559
f9_8	58.79	0	28.19	-1.201	0	-3.123	0	0.005446	0	0.3857	1.478	2.366	-0.1512
f9_9	61.19	1	30.01	-1.08	0	0.8128	0	0.6576	1	-0.3425	1.113	1.836	0.06214
