0.0342341783262008
-3.51337087639191
1.17379220410161
-1.5854606286979
-1.1407178642812
-0.530537844840323
-0.536796996325547
-0.382457706242773
-2.86851652221028
0.466058561669151
-0.0397264343865953
1.61257820671051
-1.31332777645748
-4.09239646354792
0.57008841335116
-1.49623750932259
1.96023877836994
-0.769600057038475
0.0296838133074466
-0.446930322341489
-1.17541352165195
0.93856608416797
-0.818581615810152
0.255805668715085
-2.22203571257732
-0.27990139910938
-1.03091991844095
2.2069169229623
-1.52504449904378
1.3858394494054
-1.1615830770377
-0.390603195854648
3.55841052617328
1.35774943968495
0.932006716321643
0.36945482992074
0.998207465460353
-3.94895875384934
-1.7646067893452
-1.41912998682376
0.166290210096461
0.215891335806264
-1.75687275124042
0.33552351701117
-1.91759826029321
0.124003871969797
0.307463951904965
-0.0496976673610182
2.09530320093435
-1.65071359975519
0.528264622940417
-0.560463353893059
-1.22712998682376
2.50325157194795
-1.81799687716891
-1.57289006675891
0.304954039728671
-0.627163096478587
-0.0294684867144115
-0.367649434605252
-0.787014389947297
-0.338911280292417
-0.831298002878715
-1.28651180300992
-0.0471551603587777
2.34687402028778
-0.282545919217972
0.352963033175472
0.559621049230445
1.93926010099995
2.55693824559232
-1.51480386689012
0.398856429406147
2.66878807783345
-0.921161418889966
0.162898946128787
-1.39236163525106
-2.29511719324573
0.974092797033801
1.17241950989965
-0.888054902944337
0.333135777811575
-0.0818246376413073
-0.0189830770377046
0.68399534291778
-1.17139646354792
-0.877337509322587
0.0105455106766536
-0.367949770122965
-2.06060226740472
0.53828286541661
-1.74743956348232
-0.580546038374603
-0.885657706242773
-1.48022497315904
1.32894677464432
-0.734702860336952
-1.22191966102649
0.721204464902005
2.13391712022219
1.23624023959748
0.655772559060226
0.135942510118325
-0.687422050703949
3.03737615255078
0.285985087335233
0.569332855356472
-1.68016862497227
-1.46529294816064
1.18946616227121
0.979530842250106
-0.155334173246523
-0.0425159894326723
2.22317862033151
0.585661897745216
1.14833171054546
0.311823852528915
1.04139287513706
-0.344450302900593
-0.227244499043777
-0.318167618419087
0.134262826195159
0.01592152300602
0.53230985513783
0.169672678216855
0.45710985513783
-2.31722451848467
-0.787182909278852
-1.98554210936633
0.382264622940417
-1.82792844749296
-1.82689433128491
-0.839758418331599
-0.761297470101121
-0.0153591674703453
-0.988258634692718
1.71413577781158
-0.806499266846394
0.911513862249346
1.11660353645208
-0.848391941607458
2.3000287099871
-1.9263872224071
-0.00982238622166543
-2.94889433128491
-1.23963956348232
-0.681305831175588
1.39496855194869
-1.15128894104909
-1.92851251509873
0.474534849361653
1.27334610360885
0.82131579725246
-0.427529118528414
0.448681088112253
-0.0295439061116002
-3.00029340283499
0.593560693932155
0.308047900354151
-0.224249177190776
0.334414197767082
-1.2260606286979
1.11052231319809
-0.00422751904303767
-0.405011389388948
-0.333899799624003
-1.16575269257806
-1.32823304753669
0.183677416518423
-0.0482427022985196
-0.543847044927771
0.946195935849989
-0.170609789903539
-0.647608921608208
0.749260358414409
-0.509771882945076
1.96249174942725
-2.43123304753669
0.739418916967461
0.321651829362412
-0.653000135141719
-2.04746489322389
1.86417862033151
-0.972779483547168
-2.24415202154261
1.22360379386655
3.31233757455685
-1.20812597971222
0.285070013176242
1.20968527453499
0.881645175158958
-0.782744163526041
1.05795575837066
-0.20748228684562
-1.70190286033695
1.80990638080391
-0.136048170637588
-0.329221457771761
0.0681606939321549
0.0350980681129931
1.16450533319735
-1.03202078673629
-0.0880000570384754
1.21371939074301
-3.57954282145516
0.314730842250106
-0.687142780401763
0.170256429406147
1.31613577781158
0.285230584835644
1.86913171054546
-1.62395423190885
2.5349341783262
0.568620851970567
2.25650906494573
-0.383354902944337
0.655200200375997
1.76678401056733
1.44298316205255
1.10289960744379
-1.17376122163006
-0.337748092534333
1.30333631058921
0.18829415832696
0.633949697099407
-0.210217450660225
0.207168216430974
0.648501739706793
1.17910166160355
-0.829190480379921
0.831055836473959
-0.878084083590904
-1.01173492238523
0.416633645548573
-0.139602070144845
0.67509579759215
0.107214119663839
-1.01829721268665
-0.741692534539646
-1.51510465708222
-0.965361892665526
-0.383228783010683
1.77620446490201
-3.58649519958028
-0.259155831394246
1.31009220410161
-2.36524131917423
1.01361599451235
1.88547042679722
-0.219561221630055
1.43732025903836
1.23039773259528
0.0761678809132379
-2.24598434100536
-2.79800967074692
0.510122984233572
0.62734610360885
0.372250565394748
0.153347564836403
2.01948367504961
-0.135153363613521
-2.04022898027059
-2.64649519958028
0.943480417076771
1.09696428742268
-0.254132119086762
-1.17041652221028
0.596234849361653
1.59179706155979
3.02509313255153
1.55456268793731
-1.6649452481825
-0.135179148029433
0.877839706819839
0.492315994512351
0.234221187488284
-1.16677401520808
1.37095575837066
3.82044910416721
-0.0618008861123389
0.462576745482971
2.03210566871509
0.603884681602779
-0.78100139910938
3.34639792985516
-0.0451515668682367
1.59595482992074
-0.839758418331599
0.0579308422501057
1.12125329058996
-0.246966157191551
-0.771286137750654
2.22692545201429
-1.1120099281614
-0.611910866671427
0.241526242206361
0.0600288680255441
-1.70329766736102
1.38989960744379
1.49352205578365
0.172177081000707
-0.052107460380656
3.11796428742268
1.45090185886345
-1.73260653193073
2.83634183908284
0.00128468160277939
2.32285250039788
-2.25531026367913
-0.682604399667728
1.17017787119279
-0.92928716408441
-1.20277827973409
-1.45521999654421
-0.0337299087204835
-0.217533837728787
0.389768551948689
-1.43825030290059
-2.12134483456152
1.51067674548297
-1.64638321529555
-0.112121912446095
-1.91867948354717
-1.76214303781626
0.605750900912468
1.32475269765774
-1.00671359975519
0.312315323476919
-0.375130322341489
-2.13051677962474
1.71927548151533
2.75681386224935
1.62738894612879
-1.02430765764054
1.82644936158167
-0.357735712577319
-0.664468960489985
1.46366795901648
-0.441560628697898
0.45573092035338
-1.96388554481843
1.31933331003086
1.07209739707754
0.682049775202662
1.44021299395402
0.995457555115953
1.3247879395756
0.439046222765481
0.878868294534217
-0.0181210441507508
0.305579990568082
-1.04268520930071
2.35093844285221
-0.845998595810923
1.43030320093435
-3.77558973124118
0.298305668715085
0.355026242206361
1.84259500740006
-1.53609993788183
-2.53418187322465
-1.91740027339956
0.66770659716501
-0.470586473268349
-1.06875569313641
-0.848434844281956
1.32404104889077
0.206798068112993
0.883603793866553
1.49641479069929
-0.163930322341489
-2.8827394443257
-0.805825189520142
0.34312287513706
1.30857820671051
-1.29479960236411
1.23705003261715
0.434508926687906
-1.7959840835909
1.75092564927417
1.93282239130136
0.413316587444579
-0.482325979712222
-0.398642366780773
-0.629574093311355
0.423059588002906
0.120893616387229
1.04162085197057
-0.17275389639115
-0.253201063591663
1.17620847201352
0.467501068671342
2.60462912360809
-1.77285976040252
1.90689534291778
-1.00775636417186
0.924470684211674
2.37003297451311
-0.136617440939774
-2.63841397632629
1.28029492929681
-4.57166242544315
-0.526942366780773
-0.690481873224645
-0.0226655642593374
2.14815303317547
-0.439044064150011
-0.418451644971516
1.11291240102183
2.82853510677611
1.34837214543925
-1.53048220874236
-0.377604735185463
-0.351862425443155
-1.54331405442955
-0.677228783010683
-1.30618554481843
0.185947426578558
-2.70373136994804
-0.805092199021911
0.995779548781428
1.60870278731335
1.91400241074228
0.759330171214655
1.70229492929681
0.475079884299163
-1.15051464736174
-0.361145031821405
0.872483220375258
0.837370426797222
-0.219334844281956
-2.62335762813953
-0.552279483547168
-1.28346915774989
0.786174158545634
-2.12549545699472
1.0577582261514
-1.91154210936633
1.13922351701117
1.78977954878143
-1.18156343199633
0.842643833088018
1.30131172998636
0.903063694490473
0.514149775202662
0.643745097055663
0.28332478097884
1.08091992352064
0.305290071838605
-0.793801853783732
0.45306728798103
1.69805003261715
1.01508647834805
-0.992406531930732
-0.0274284474929624
1.69152231319809
1.37566795901648
-1.28274842805205
-2.66461506098273
-2.41388554481843
0.502522055783647
-0.696276147471085
0.963434849361653
0.101777278260598
0.155462352419572
-0.25835389639115
1.70404124615067
-1.02996748016124
0.426426913241844
-0.541103273957926
0.642695264814537
1.72626863005196
-1.26008688688936
0.2695879395756
-0.154929157749894
-1.81900159636927
1.25862085197057
-1.17399713458339
0.125231926906579
-1.09264783511986
-0.217206867448467
0.193281010008979
1.27259826537289
0.894556429406146
-2.63439646354792
-1.41134457714703
1.84259074287406
-1.93112572229777
0.825045313756453
-0.327431705465783
1.76735463266088
-0.336580292840454
1.15170659716501
1.00026465244145
-1.25041352165195
0.278993210654796
-0.863495002320386
0.325197061559794
-1.39749500232039
-0.998137766737049
0.51399413910472
-1.49182965130602
-2.68485569313641
-1.50150327395793
0.2042180486721
0.0653423718604705
0.372147564836403
-0.30431521902116
-3.42376949326763
-1.60488580223292
-0.364726650747678
0.360294336364613
-2.49071812169566
2.48269826537289
3.64360805839254
1.16590412938427
-0.986384873782973
-0.274921715186214
0.235458226151405
-0.392807657640537
2.08516156222749
-0.269113521651953
0.235515658994635
-1.40091565391496
-0.199100135141719
2.90123024931793
0.941118719707583
0.467761484124225
0.96847921326371
1.40540499767961
-1.37656769652234
1.00531524537364
-1.54625482484104
1.93846189774522
-0.979318792731127
-0.417967618419087
0.420587604057869
-1.06443057975597
0.826041246150665
-1.34970933522918
-0.201585012040814
2.11400738735707
1.02389986485828
-0.520503393114529
-0.837280411997094
0.425546181712106
-3.34676949326763
0.075542964792659
1.44558221382204
-0.701579740961641
-2.8260099281614
0.197609262205642
0.126198146216268
-0.996722128807213
-1.1659452481825
-1.57400566363539
-0.487256957104047
0.546487742315708
1.62344588724777
-0.852259089367051
1.94834183908284
2.58981411966384
-0.423523511931471
-0.478827183525322
1.64459526481454
0.55112677498399
-1.28185097393605
0.976887071280276
1.13380132608583
1.37912298423357
-1.5934734222759
-0.224329315788326
-0.505271882945077
2.48165988463885
-4.30641798343785
-0.349605525377533
0.134775738929803
1.8139169229623
0.0355259847919194
-1.91135310619905
-0.577082879777808
-1.26000552537753
-0.0424875989781745
-3.01752957320278
0.729952026622304
0.99708414882515
0.525901404189077
-0.606211389388948
-0.98895389639115
0.0642532106547961
0.485339904079746
0.66834610360885
-0.595447380445507
0.598873823027896
-1.2817118440633
-0.267871882945076
1.0919169229623
0.0744742777022303
0.244884939017272
0.634141700825014
1.22625182936241
0.874828788090356
0.277705926129538
3.19286549123577
2.00429893640834
-1.62861958292323
-2.81613450876423
1.31799840363073
1.0226821357188
1.63202825531277
-0.0200574898816748
0.950277416518423
-0.997345960271329
0.0814211874882835
-1.17713877329022
-2.38250327395793
1.32781891696746
2.11311445518157
2.63257820671051
-1.08432777645748
-1.97269679906565
-2.15793697654496
-1.08761932550874
-0.786194666802651
0.851045768091147
-0.720980076479357
-2.46334457714703
-0.607380154582616
-0.625109454385837
-1.30877827973409
-2.67059826029321
-3.17822045121857
-2.03683818035804
-0.777653699131242
-1.54713851587577
-1.16633630550953
0.0911183841898476
0.345073349252322
0.950526577724097
0.165371690764891
0.40281524537364
-0.673374686243547
0.658707051839364
-1.73853784484032
-1.50402698626541
0.845232638995374
-0.422411467492187
0.300896468627617
-0.904782544260098
0.401128907247009
-0.00820925712594439
-1.31885782539941
0.466297475180784
-0.0657368382871046
0.581758423411297
-0.289815989432672
-0.189969828785346
2.20929040735634
-0.661901141694922
-0.446730915273702
0.758601068671342
-1.31818187322465
1.18124730742194
0.229805590611842
-2.02153383772879
2.37004977520266
1.2455180486721
5.0314879395756
0.952392461516085
-1.48528467652308
1.58201992352064
-0.313172889498274
1.64731172998636
-2.53506129973333
1.40441319121391
-1.87577375779364
-1.31668827001364
0.207025116496575
-0.761043786954965
2.42454922332383
-0.014191073312094
1.17222624220636
0.662907722874826
-0.785905782792005
0.878638364748936
-0.148722583481577
1.87207054595387
2.32966795901648
0.767647564836404
-0.444906453827477
0.816947307421942
0.224904464902005
-0.385378950769555
-0.378593283678357
0.528487742315708
-2.17400159636927
0.441185807312596
-0.217022918999293
-0.156879483547168
-1.03037768680191
1.55660245179564
-2.22461978018311
-1.94000611830974
0.271267623498777
3.06811445518157
-0.818123511931471
-1.00180813141612
1.30272365526902
0.37385236214002
-1.20834783511986
-1.30585176412815
1.11686529397588
-0.802144163526041
0.518651829362412
-1.25712572229777
-0.562232790122229
-1.22741259320203
0.0395415035651071
0.096778877745975
-2.08519466680265
-1.25055415380561
2.23340626164727
-0.472939899000053
-0.0653119513278999
0.934240239597477
-0.740348763569786
-0.468146709410036
1.15795149384468
-0.749992870057362
2.03368953906098
-0.949705328117652
-0.307097331843281
-1.59956848671441
1.77695550095622
-1.49872665074768
-0.766528861113938
2.39884442602021
-2.22036635445143
3.50692991380021
-1.43583930606785
1.93316582675348
-2.11589006675891
-2.11044783511986
0.476636981624657
-0.26160586089528
1.80146616227121
0.570734513843917
0.953488610611052
-0.643923847449218
-1.50596388667069
0.624130584835644
-1.19397581195335
-0.13781326423746
1.59883544229384
-0.571449967382845
1.58001546173472
0.600559351861221
-0.580896463547919
-1.88394124107097
-3.18940899971147
-1.95733204098352
-0.727236838287105
1.46247042679722
-0.386311389388948
1.49074943968495
0.394858758929033
0.864110190655567
-0.718165228741591
-0.823885090144093
-0.783353363613521
1.74138067449126
1.18638920354326
0.313143300310406
1.01830491957636
2.42807180992152
0.262339568562012
-0.0292163249503882
0.0295813455267143
-1.1979239255525
1.75501520432028
-0.19769340283499
0.278264287422682
-0.63450779589839
2.73350099056808
-0.203346966824528
-1.81637914802943
-0.334957628139529
-1.94037914802943
1.35808460349954
1.44417435580553
0.653783813307447
0.683736448847029
-1.31682931578833
-0.628581202189162
-0.889378950769555
1.07533877836994
0.593625984791919
0.984424523564367
1.08091958800291
1.71652231319809
-0.82655089583279
0.30111287513706
-0.735164715744581
0.325598068112993
0.086978877745975
-2.58769608697683
-0.416713857169669
-0.729771744687234
1.03492118748828
0.850165748650233
0.540284178326201
-2.00023350221104
-0.166715653914957
0.16110050673237
-1.19652104415075
-1.38357622557434
-3.32813024423822
-2.01953358031431
-1.59494570285686
-3.25584270229852
-0.419508999711472
1.62271558089138
-1.44677356053372
1.94107155250704
1.6973932106548
-0.251594893223886
-0.0227092571259444
-0.513818911887747
1.29374876864946
-0.159191157749894
0.881540575115214
-1.63855063841833
0.0600530331754721
-2.44565369913124
0.882818384189848
1.80336361638723
1.94460805839254
1.3696592327046
-0.0612562957890455
1.01160140418908
1.22648640024481
-1.83472258348158
-0.472014725465013
2.33799860089062
-0.276202483765821
0.854839706819839
1.44746189774522
-0.619458418331599
-0.644884005487649
0.21515901634351
-0.436311131974456
0.281992461516085
-1.63924203126304
2.12627761377833
1.34651958800291
0.436894267981801
-2.50399687716891
0.98445362610768
0.360335184879388
-0.98800139910938
-1.06532898027059
-1.35954210936633
-0.104546966824528
1.91367222354252
-1.58984244488405
-2.01737895076956
-0.0993289802705903
-1.67673964158559
-2.67918161581015
-1.08118187322465
0.510436646106941
-1.07605729262178
-0.415859424884787
0.434949361581672
-0.829825386780034
0.878299193822798
1.77889986485828
0.870083932464068
2.26417034869398
0.954759765482231
-0.661359167470345
0.821909262205642
1.41669806811299
-0.660070954495152
-1.33903596999178
1.14340173970679
-0.446328111975226
-2.56208262236336
0.322870426797222
2.47462085197057
-1.03439646354792
-0.0838370957015968
0.496307268200462
1.37196403000822
1.36415257850115
1.68311871970758
2.16577121698932
2.63485269765774
3.07121344862837
0.399659016343509
0.979575817033046
1.28888681386578
-0.185738418331599
-0.930065821673799
2.03076675520342
0.533238581110034
1.39664689380095
-2.28255490294434
0.241042707378218
-0.381662228183257
0.464799271926053
0.927329045504848
-1.22517300865491
0.0380792132637098
1.16370233263898
0.640099529340545
-1.12004436078595
-1.1967644796029
-1.70264917719078
-0.922169157749894
-1.59762384744922
0.1241560938884
0.75069459377907
3.23911038791544
2.12417009127952
-1.71361531839722
-0.0280230964785867
1.97371512621703
2.23363791007458
2.98021344862837
0.103182806754267
0.103858304254659
0.730326655827372
-1.45554357059385
0.544301326085834
2.68471558089138
0.772925194599819
0.662278284813786
1.74810566871509
1.20674091063295
-1.41309373835273
2.32871532347692
0.361686813865783
0.373339784923112
-0.0628305797559673
0.521693210654796
0.41601232291857
0.902148768649464
-1.99997535727901
-2.55564963186513
-1.35832325451703
1.51827741651842
-1.34105423190885
-0.277166689969143
-1.22233178356903
-1.27132777645748
-0.23250712486294
-0.949345702856857
0.95427974604134
-0.522439306067845
2.70246641968569
-0.668279405443905
-2.71526761841909
-1.47620746038066
0.915882213822039
-0.646135377059584
-1.04343057975597
1.64179706155979
1.88888235207989
0.470981878304343
-1.88513877329022
0.443702332638982
1.67365968737896
-3.38548220874236
0.290415323476919
-0.979018199798937
-0.536337431219313
0.337426320309656
0.236071355247146
-0.445032454604493
-1.64757648298883
0.517710081559054
0.826920930073842
-0.381326848007588
0.635242707378218
1.41431319121391
0.626645846194389
2.46195123643021
0.446493210654796
-0.670318989991021
-2.09677375779364
0.741110190655567
-1.76145636417186
-1.62549926684639
2.60833777181674
0.757048926687906
-0.782387222407096
0.998667761756618
-2.21266222818326
0.0280129939540227
