1	1	A	G	0.391	1000	0.209	1000
1	2	A	G	0.459	1000	0.460	1000
1	3	A	G	0.398	1000	0.482	1000
1	4	A	G	0.449	1000	0.471	1000
1	5	A	G	0.243	1000	0.264	1000
1	6	A	G	0.134	1000	0.199	1000
1	7	A	G	0.219	1000	0.167	1000
1	8	A	G	0.298	1000	0.147	1000
1	9	A	G	0.385	1000	0.411	1000
1	10	A	G	0.475	1000	0.161	1000
1	11	A	G	0.066	1000	0.155	1000
1	12	A	G	0.109	1000	0.096	1000
1	13	A	G	0.352	1000	0.287	1000
1	14	A	G	0.048	1000	0.114	1000
1	15	A	G	0.231	1000	0.098	1000
1	16	A	G	0.232	1000	0.161	1000
1	17	A	G	0.210	1000	0.357	1000
1	18	A	G	0.244	1000	0.154	1000
1	19	A	G	0.128	1000	0.229	1000
1	20	A	G	0.469	1000	0.113	1000
1	21	A	G	0.246	1000	0.457	1000
1	22	A	G	0.178	1000	0.462	1000
1	23	A	G	0.458	1000	0.181	1000
1	24	A	G	0.371	1000	0.358	1000
1	25	A	G	0.366	1000	0.314	1000
1	26	A	G	0.226	1000	0.192	1000
1	27	A	G	0.357	1000	0.434	1000
1	28	A	G	0.295	1000	0.094	1000
1	29	A	G	0.146	1000	0.114	1000
1	30	A	G	0.246	1000	0.138	1000
1	31	A	G	0.383	1000	0.407	1000
1	32	A	G	0.053	1000	0.120	1000
1	33	A	G	0.127	1000	0.454	1000
1	34	A	G	0.357	1000	0.380	1000
1	35	A	G	0.212	1000	0.219	1000
1	36	A	G	0.222	1000	0.225	1000
1	37	A	G	0.461	1000	0.199	1000
1	38	A	G	0.437	1000	0.268	1000
1	39	A	G	0.324	1000	0.216	1000
1	40	A	G	0.119	1000	0.057	1000
1	41	A	G	0.387	1000	0.390	1000
1	42	A	G	0.251	1000	0.011	1000
1	43	A	G	0.477	1000	0.453	1000
1	44	A	G	0.406	1000	0.424	1000
1	45	A	G	0.170	1000	0.389	1000
1	46	A	G	0.196	1000	0.012	1000
1	47	A	G	0.067	1000	0.203	1000
1	48	A	G	0.070	1000	0.349	1000
1	49	A	G	0.075	1000	0.354	1000
1	50	A	G	0.358	1000	0.252	1000
1	51	A	G	0.480	1000	0.248	1000
1	52	A	G	0.420	1000	0.110	1000
1	53	A	G	0.197	1000	0.131	1000
1	54	A	G	0.141	1000	0.367	1000
1	55	A	G	0.366	1000	0.345	1000
1	56	A	G	0.294	1000	0.454	1000
1	57	A	G	0.356	1000	0.045	1000
1	58	A	G	0.096	1000	0.247	1000
1	59	A	G	0.234	1000	0.296	1000
1	60	A	G	0.150	1000	0.319	1000
1	61	A	G	0.407	1000	0.099	1000
1	62	A	G	0.147	1000	0.279	1000
1	63	A	G	0.492	1000	0.432	1000
1	64	A	G	0.379	1000	0.072	1000
1	65	A	G	0.489	1000	0.334	1000
1	66	A	G	0.145	1000	0.182	1000
1	67	A	G	0.482	1000	0.100	1000
1	68	A	G	0.119	1000	0.424	1000
1	69	A	G	0.334	1000	0.419	1000
1	70	A	G	0.480	1000	0.138	1000
1	71	A	G	0.352	1000	0.471	1000
1	72	A	G	0.275	1000	0.068	1000
1	73	A	G	0.206	1000	0.388	1000
1	74	A	G	0.194	1000	0.257	1000
1	75	A	G	0.069	1000	0.076	1000
1	76	A	G	0.354	1000	0.175	1000
1	77	A	G	0.484	1000	0.414	1000
1	78	A	G	0.342	1000	0.200	1000
1	79	A	G	0.272	1000	0.492	1000
1	80	A	G	0.125	1000	0.106	1000
1	81	A	G	0.440	1000	0.451	1000
1	82	A	G	0.310	1000	0.330	1000
1	83	A	G	0.049	1000	0.219	1000
1	84	A	G	0.057	1000	0.274	1000
1	85	A	G	0.124	1000	0.084	1000
1	86	A	G	0.175	1000	0.376	1000
1	87	A	G	0.419	1000	0.323	1000
1	88	A	G	0.290	1000	0.432	1000
1	89	A	G	0.377	1000	0.481	1000
1	90	A	G	0.083	1000	0.362	1000
1	91	A	G	0.433	1000	0.276	1000
1	92	A	G	0.404	1000	0.309	1000
1	93	A	G	0.086	1000	0.491	1000
1	94	A	G	0.332	1000	0.217	1000
1	95	A	G	0.360	1000	0.172	1000
1	96	A	G	0.283	1000	0.086	1000
1	97	A	G	0.396	1000	0.478	1000
1	98	A	G	0.413	1000	0.350	1000
1	99	A	G	0.097	1000	0.146	1000
1	100	A	G	0.229	1000	0.433	1000
1	101	A	G	0.167	1000	0.045	1000
1	102	A	G	0.321	1000	0.392	1000
1	103	A	G	0.498	1000	0.276	1000
1	104	A	G	0.323	1000	0.399	1000
1	105	A	G	0.281	1000	0.389	1000
1	106	A	G	0.449	1000	0.234	1000
1	107	A	G	0.335	1000	0.191	1000
1	108	A	G	0.455	1000	0.047	1000
1	109	A	G	0.164	1000	0.414	1000
1	110	A	G	0.155	1000	0.316	1000
1	111	A	G	0.329	1000	0.061	1000
1	112	A	G	0.202	1000	0.175	1000
1	113	A	G	0.388	1000	0.081	1000
1	114	A	G	0.245	1000	0.345	1000
1	115	A	G	0.415	1000	0.171	1000
1	116	A	G	0.465	1000	0.246	1000
1	117	A	G	0.486	1000	0.251	1000
1	118	A	G	0.324	1000	0.261	1000
1	119	A	G	0.047	1000	0.318	1000
1	120	A	G	0.196	1000	0.144	1000
1	121	A	G	0.318	1000	0.149	1000
1	122	A	G	0.300	1000	0.231	1000
1	123	A	G	0.085	1000	0.475	1000
1	124	A	G	0.371	1000	0.076	1000
1	125	A	G	0.363	1000	0.379	1000
1	126	A	G	0.394	1000	0.450	1000
1	127	G	A	0.484	1000	0.146	1000
1	128	A	G	0.140	1000	0.337	1000
1	129	A	G	0.191	1000	0.077	1000
1	130	A	G	0.406	1000	0.410	1000
1	131	A	G	0.057	1000	0.061	1000
1	132	A	G	0.353	1000	0.361	1000
1	133	A	G	0.422	1000	0.261	1000
1	134	A	G	0.322	1000	0.008	1000
1	135	A	G	0.492	1000	0.058	1000
1	136	A	G	0.459	1000	0.266	1000
1	137	A	G	0.327	1000	0.396	1000
1	138	A	G	0.126	1000	0.411	1000
1	139	A	G	0.076	1000	0.434	1000
1	140	A	G	0.413	1000	0.328	1000
1	141	A	G	0.269	1000	0.326	1000
1	142	A	G	0.355	1000	0.449	1000
1	143	A	G	0.149	1000	0.243	1000
1	144	A	G	0.332	1000	0.021	1000
1	145	A	G	0.120	1000	0.418	1000
1	146	A	G	0.493	1000	0.186	1000
1	147	G	A	0.492	1000	0.380	1000
1	148	A	G	0.283	1000	0.108	1000
1	149	A	G	0.497	1000	0.296	1000
1	150	A	G	0.213	1000	0.054	1000
1	151	A	G	0.426	1000	0.168	1000
1	152	A	G	0.312	1000	0.334	1000
1	153	A	G	0.415	1000	0.414	1000
1	154	A	G	0.224	1000	0.471	1000
1	155	A	G	0.127	1000	0.006	1000
1	156	A	G	0.418	1000	0.281	1000
1	157	A	G	0.371	1000	0.274	1000
1	158	A	G	0.262	1000	0.003	1000
1	159	A	G	0.450	1000	0.380	1000
1	160	A	G	0.303	1000	0.470	1000
1	161	A	G	0.365	1000	0.072	1000
1	162	A	G	0.307	1000	0.073	1000
1	163	A	G	0.431	1000	0.122	1000
1	164	A	G	0.406	1000	0.457	1000
1	165	A	G	0.226	1000	0.363	1000
1	166	A	G	0.270	1000	0.328	1000
1	167	A	G	0.492	1000	0.327	1000
1	168	A	G	0.114	1000	0.017	1000
1	169	A	G	0.430	1000	0.141	1000
1	170	A	G	0.203	1000	0.139	1000
1	171	A	G	0.485	1000	0.447	1000
1	172	A	G	0.130	1000	0.165	1000
1	173	A	G	0.414	1000	0.434	1000
1	174	A	G	0.184	1000	0.374	1000
1	175	A	G	0.210	1000	0.213	1000
1	176	A	G	0.402	1000	0.388	1000
1	177	A	G	0.385	1000	0.030	1000
1	178	A	G	0.472	1000	0.019	1000
1	179	A	G	0.383	1000	0.168	1000
1	180	A	G	0.402	1000	0.207	1000
1	181	A	G	0.126	1000	0.067	1000
1	182	A	G	0.235	1000	0.382	1000
1	183	A	G	0.139	1000	0.362	1000
1	184	A	G	0.166	1000	0.455	1000
1	185	G	A	0.479	1000	0.331	1000
1	186	A	G	0.443	1000	0.405	1000
1	187	A	G	0.178	1000	0.414	1000
1	188	A	G	0.461	1000	0.319	1000
1	189	A	G	0.114	1000	0.011	1000
1	190	A	G	0.128	1000	0.331	1000
1	191	A	G	0.398	1000	0.398	1000
1	192	A	G	0.447	1000	0.394	1000
1	193	A	G	0.168	1000	0.115	1000
1	194	A	G	0.214	1000	0.442	1000
1	195	A	G	0.472	1000	0.239	1000
1	196	A	G	0.056	1000	0.221	1000
1	197	A	G	0.199	1000	0.217	1000
1	198	A	G	0.420	1000	0.186	1000
1	199	A	G	0.198	1000	0.122	1000
1	200	A	G	0.269	1000	0.499	1000
1	201	A	G	0.318	1000	0.456	1000
1	202	A	G	0.452	1000	0.099	1000
1	203	A	G	0.108	1000	0.371	1000
1	204	A	G	0.297	1000	0.070	1000
1	205	A	G	0.377	1000	0.232	1000
1	206	A	G	0.386	1000	0.175	1000
1	207	A	G	0.105	1000	0.032	1000
1	208	A	G	0.071	1000	0.270	1000
1	209	A	G	0.319	1000	0.326	1000
1	210	A	G	0.316	1000	0.275	1000
1	211	A	G	0.176	1000	0.324	1000
1	212	A	G	0.354	1000	0.212	1000
1	213	A	G	0.221	1000	0.038	1000
1	214	A	G	0.163	1000	0.132	1000
1	215	A	G	0.474	1000	0.443	1000
1	216	A	G	0.226	1000	0.009	1000
1	217	A	G	0.207	1000	0.155	1000
1	218	A	G	0.289	1000	0.417	1000
1	219	A	G	0.298	1000	0.352	1000
1	220	A	G	0.132	1000	0.379	1000
1	221	A	G	0.097	1000	0.125	1000
1	222	A	G	0.102	1000	0.016	1000
1	223	A	G	0.101	1000	0.411	1000
1	224	A	G	0.309	1000	0.315	1000
1	225	A	G	0.422	1000	0.370	1000
1	226	A	G	0.387	1000	0.120	1000
1	227	A	G	0.462	1000	0.386	1000
1	228	A	G	0.265	1000	0.203	1000
1	229	A	G	0.244	1000	0.447	1000
1	230	A	G	0.293	1000	0.364	1000
1	231	A	G	0.181	1000	0.482	1000
1	232	A	G	0.274	1000	0.371	1000
1	233	A	G	0.286	1000	0.042	1000
1	234	A	G	0.356	1000	0.498	1000
1	235	A	G	0.368	1000	0.318	1000
1	236	A	G	0.270	1000	0.268	1000
1	237	A	G	0.483	1000	0.163	1000
1	238	A	G	0.488	1000	0.195	1000
1	239	A	G	0.279	1000	0.138	1000
1	240	A	G	0.219	1000	0.268	1000
1	241	A	G	0.480	1000	0.345	1000
1	242	A	G	0.493	1000	0.355	1000
1	243	A	G	0.458	1000	0.175	1000
1	244	A	G	0.385	1000	0.386	1000
1	245	A	G	0.338	1000	0.197	1000
1	246	A	G	0.348	1000	0.344	1000
1	247	A	G	0.485	1000	0.177	1000
1	248	A	G	0.277	1000	0.089	1000
1	249	A	G	0.183	1000	0.423	1000
1	250	A	G	0.393	1000	0.459	1000
1	251	A	G	0.102	1000	0.166	1000
1	252	A	G	0.491	1000	0.198	1000
1	253	A	G	0.063	1000	0.217	1000
1	254	A	G	0.169	1000	0.483	1000
1	255	A	G	0.450	1000	0.077	1000
1	256	A	G	0.425	1000	0.148	1000
1	257	A	G	0.075	1000	0.094	1000
1	258	A	G	0.141	1000	0.202	1000
1	259	A	G	0.113	1000	0.317	1000
1	260	A	G	0.290	1000	0.096	1000
1	261	A	G	0.449	1000	0.128	1000
1	262	A	G	0.432	1000	0.439	1000
1	263	A	G	0.432	1000	0.037	1000
1	264	A	G	0.441	1000	0.204	1000
1	265	A	G	0.383	1000	0.149	1000
1	266	A	G	0.080	1000	0.189	1000
1	267	A	G	0.104	1000	0.157	1000
1	268	A	G	0.399	1000	0.021	1000
1	269	G	A	0.492	1000	0.252	1000
1	270	A	G	0.328	1000	0.069	1000
1	271	A	G	0.117	1000	0.074	1000
1	272	A	G	0.207	1000	0.084	1000
1	273	A	G	0.135	1000	0.395	1000
1	274	G	A	0.480	1000	0.173	1000
1	275	A	G	0.381	1000	0.177	1000
1	276	A	G	0.236	1000	0.091	1000
1	277	A	G	0.277	1000	0.269	1000
1	278	A	G	0.051	1000	0.150	1000
1	279	A	G	0.183	1000	0.295	1000
1	280	A	G	0.462	1000	0.292	1000
1	281	A	G	0.110	1000	0.012	1000
1	282	A	G	0.424	1000	0.345	1000
1	283	A	G	0.102	1000	0.112	1000
1	284	A	G	0.051	1000	0.495	1000
1	285	A	G	0.196	1000	0.472	1000
1	286	A	G	0.235	1000	0.292	1000
1	287	A	G	0.071	1000	0.320	1000
1	288	A	G	0.409	1000	0.340	1000
1	289	A	G	0.267	1000	0.308	1000
1	290	A	G	0.252	1000	0.110	1000
1	291	A	G	0.393	1000	0.442	1000
1	292	A	G	0.441	1000	0.137	1000
1	293	A	G	0.069	1000	0.005	1000
1	294	A	G	0.195	1000	0.476	1000
1	295	A	G	0.406	1000	0.261	1000
1	296	A	G	0.186	1000	0.500	1000
1	297	A	G	0.421	1000	0.214	1000
1	298	A	G	0.148	1000	0.235	1000
1	299	A	G	0.283	1000	0.346	1000
1	300	A	G	0.050	1000	0.267	1000
1	301	A	G	0.077	1000	0.363	1000
1	302	A	G	0.314	1000	0.004	1000
1	303	A	G	0.378	1000	0.390	1000
1	304	A	G	0.334	1000	0.245	1000
1	305	A	G	0.321	1000	0.220	1000
1	306	A	G	0.348	1000	0.076	1000
1	307	A	G	0.139	1000	0.472	1000
1	308	A	G	0.146	1000	0.193	1000
1	309	A	G	0.255	1000	0.407	1000
1	310	A	G	0.220	1000	0.242	1000
1	311	A	G	0.234	1000	0.307	1000
1	312	A	G	0.267	1000	0.487	1000
1	313	A	G	0.492	1000	0.069	1000
1	314	A	G	0.144	1000	0.060	1000
1	315	A	G	0.193	1000	0.141	1000
1	316	A	G	0.440	1000	0.080	1000
1	317	A	G	0.274	1000	0.462	1000
1	318	A	G	0.333	1000	0.228	1000
1	319	A	G	0.166	1000	0.383	1000
1	320	A	G	0.441	1000	0.161	1000
1	321	A	G	0.167	1000	0.268	1000
1	322	A	G	0.349	1000	0.336	1000
1	323	A	G	0.307	1000	0.137	1000
1	324	A	G	0.236	1000	0.263	1000
1	325	A	G	0.210	1000	0.351	1000
1	326	A	G	0.476	1000	0.098	1000
1	327	A	G	0.206	1000	0.487	1000
1	328	A	G	0.052	1000	0.291	1000
1	329	A	G	0.096	1000	0.412	1000
1	330	A	G	0.150	1000	0.479	1000
1	331	A	G	0.227	1000	0.019	1000
1	332	A	G	0.452	1000	0.204	1000
1	333	A	G	0.388	1000	0.425	1000
1	334	A	G	0.344	1000	0.118	1000
1	335	A	G	0.114	1000	0.227	1000
1	336	A	G	0.086	1000	0.011	1000
1	337	A	G	0.473	1000	0.363	1000
1	338	A	G	0.386	1000	0.354	1000
1	339	A	G	0.263	1000	0.095	1000
1	340	A	G	0.450	1000	0.271	1000
1	341	A	G	0.318	1000	0.132	1000
1	342	A	G	0.350	1000	0.291	1000
1	343	A	G	0.471	1000	0.021	1000
1	344	A	G	0.423	1000	0.210	1000
1	345	A	G	0.264	1000	0.135	1000
1	346	A	G	0.334	1000	0.190	1000
1	347	A	G	0.390	1000	0.237	1000
1	348	A	G	0.470	1000	0.336	1000
1	349	A	G	0.077	1000	0.328	1000
1	350	A	G	0.393	1000	0.413	1000
1	351	A	G	0.361	1000	0.065	1000
1	352	A	G	0.315	1000	0.065	1000
1	353	G	A	0.498	1000	0.193	1000
1	354	A	G	0.319	1000	0.312	1000
1	355	A	G	0.353	1000	0.206	1000
1	356	A	G	0.382	1000	0.432	1000
1	357	A	G	0.295	1000	0.179	1000
1	358	A	G	0.323	1000	0.132	1000
1	359	A	G	0.067	1000	0.244	1000
1	360	A	G	0.408	1000	0.342	1000
1	361	A	G	0.119	1000	0.449	1000
1	362	A	G	0.115	1000	0.222	1000
1	363	A	G	0.290	1000	0.031	1000
1	364	A	G	0.148	1000	0.164	1000
1	365	A	G	0.206	1000	0.376	1000
1	366	A	G	0.363	1000	0.167	1000
1	367	A	G	0.422	1000	0.290	1000
1	368	A	G	0.171	1000	0.065	1000
1	369	A	G	0.396	1000	0.126	1000
1	370	A	G	0.307	1000	0.194	1000
1	371	A	G	0.301	1000	0.280	1000
1	372	A	G	0.394	1000	0.058	1000
1	373	A	G	0.481	1000	0.179	1000
1	374	A	G	0.315	1000	0.228	1000
1	375	A	G	0.339	1000	0.052	1000
1	376	A	G	0.231	1000	0.166	1000
1	377	A	G	0.262	1000	0.241	1000
1	378	A	G	0.486	1000	0.189	1000
1	379	A	G	0.180	1000	0.203	1000
1	380	A	G	0.242	1000	0.137	1000
1	381	A	G	0.349	1000	0.148	1000
1	382	A	G	0.428	1000	0.149	1000
1	383	A	G	0.195	1000	0.300	1000
1	384	A	G	0.366	1000	0.151	1000
1	385	A	G	0.401	1000	0.387	1000
1	386	A	G	0.426	1000	0.027	1000
1	387	A	G	0.359	1000	0.205	1000
1	388	A	G	0.119	1000	0.082	1000
1	389	A	G	0.473	1000	0.108	1000
1	390	A	G	0.057	1000	0.249	1000
1	391	A	G	0.421	1000	0.214	1000
1	392	A	G	0.440	1000	0.198	1000
1	393	A	G	0.424	1000	0.396	1000
1	394	A	G	0.145	1000	0.333	1000
1	395	A	G	0.181	1000	0.204	1000
1	396	A	G	0.142	1000	0.159	1000
1	397	A	G	0.203	1000	0.116	1000
1	398	A	G	0.212	1000	0.027	1000
1	399	A	G	0.271	1000	0.372	1000
1	400	A	G	0.111	1000	0.407	1000
1	401	A	G	0.082	1000	0.206	1000
1	402	A	G	0.254	1000	0.273	1000
1	403	A	G	0.166	1000	0.220	1000
1	404	A	G	0.159	1000	0.141	1000
1	405	A	G	0.317	1000	0.336	1000
1	406	A	G	0.128	1000	0.495	1000
1	407	A	G	0.416	1000	0.204	1000
1	408	A	G	0.160	1000	0.162	1000
1	409	A	G	0.439	1000	0.294	1000
1	410	A	G	0.089	1000	0.128	1000
1	411	A	G	0.310	1000	0.402	1000
1	412	A	G	0.344	1000	0.301	1000
1	413	A	G	0.061	1000	0.200	1000
1	414	A	G	0.060	1000	0.394	1000
1	415	A	G	0.366	1000	0.260	1000
1	416	A	G	0.392	1000	0.481	1000
1	417	A	G	0.283	1000	0.284	1000
1	418	A	G	0.232	1000	0.387	1000
1	419	A	G	0.255	1000	0.254	1000
1	420	A	G	0.116	1000	0.219	1000
1	421	A	G	0.432	1000	0.391	1000
1	422	A	G	0.178	1000	0.444	1000
1	423	A	G	0.144	1000	0.385	1000
1	424	A	G	0.167	1000	0.158	1000
1	425	A	G	0.225	1000	0.097	1000
1	426	A	G	0.428	1000	0.211	1000
1	427	A	G	0.491	1000	0.080	1000
1	428	A	G	0.191	1000	0.379	1000
1	429	A	G	0.168	1000	0.007	1000
1	430	A	G	0.303	1000	0.046	1000
1	431	A	G	0.356	1000	0.225	1000
1	432	A	G	0.092	1000	0.309	1000
1	433	A	G	0.390	1000	0.204	1000
1	434	A	G	0.184	1000	0.155	1000
1	435	A	G	0.073	1000	0.275	1000
1	436	A	G	0.331	1000	0.405	1000
1	437	A	G	0.057	1000	0.133	1000
1	438	A	G	0.418	1000	0.356	1000
1	439	A	G	0.301	1000	0.333	1000
1	440	A	G	0.108	1000	0.155	1000
1	441	A	G	0.426	1000	0.404	1000
1	442	A	G	0.411	1000	0.368	1000
1	443	A	G	0.060	1000	0.325	1000
1	444	A	G	0.373	1000	0.090	1000
1	445	A	G	0.258	1000	0.039	1000
1	446	A	G	0.467	1000	0.060	1000
1	447	A	G	0.233	1000	0.380	1000
1	448	A	G	0.065	1000	0.030	1000
1	449	G	A	0.476	1000	0.473	1000
1	450	A	G	0.440	1000	0.274	1000
1	451	A	G	0.385	1000	0.029	1000
1	452	A	G	0.216	1000	0.299	1000
1	453	A	G	0.233	1000	0.232	1000
1	454	A	G	0.407	1000	0.412	1000
1	455	A	G	0.285	1000	0.263	1000
1	456	A	G	0.354	1000	0.161	1000
1	457	A	G	0.468	1000	0.104	1000
1	458	A	G	0.158	1000	0.256	1000
1	459	A	G	0.276	1000	0.340	1000
1	460	A	G	0.085	1000	0.390	1000
1	461	A	G	0.285	1000	0.271	1000
1	462	A	G	0.461	1000	0.410	1000
1	463	A	G	0.141	1000	0.349	1000
1	464	A	G	0.456	1000	0.282	1000
1	465	A	G	0.330	1000	0.287	1000
1	466	A	G	0.241	1000	0.119	1000
1	467	A	G	0.326	1000	0.065	1000
1	468	A	G	0.208	1000	0.364	1000
1	469	A	G	0.401	1000	0.107	1000
1	470	A	G	0.166	1000	0.300	1000
1	471	A	G	0.208	1000	0.092	1000
1	472	A	G	0.250	1000	0.466	1000
1	473	A	G	0.376	1000	0.073	1000
1	474	A	G	0.345	1000	0.254	1000
1	475	A	G	0.211	1000	0.172	1000
1	476	A	G	0.183	1000	0.052	1000
1	477	A	G	0.376	1000	0.415	1000
1	478	A	G	0.385	1000	0.236	1000
1	479	A	G	0.324	1000	0.051	1000
1	480	A	G	0.104	1000	0.332	1000
1	481	A	G	0.161	1000	0.472	1000
1	482	A	G	0.159	1000	0.129	1000
1	483	A	G	0.172	1000	0.357	1000
1	484	A	G	0.286	1000	0.030	1000
1	485	A	G	0.223	1000	0.272	1000
1	486	A	G	0.354	1000	0.275	1000
1	487	A	G	0.122	1000	0.281	1000
1	488	A	G	0.435	1000	0.189	1000
1	489	A	G	0.285	1000	0.498	1000
1	490	A	G	0.456	1000	0.003	1000
1	491	A	G	0.392	1000	0.111	1000
1	492	A	G	0.408	1000	0.079	1000
1	493	G	A	0.495	1000	0.313	1000
1	494	A	G	0.305	1000	0.026	1000
1	495	A	G	0.273	1000	0.005	1000
1	496	A	G	0.191	1000	0.173	1000
1	497	A	G	0.368	1000	0.138	1000
1	498	A	G	0.389	1000	0.389	1000
1	499	A	G	0.397	1000	0.456	1000
1	500	A	G	0.410	1000	0.437	1000
1	501	A	G	0.156	1000	0.071	1000
1	502	A	G	0.385	1000	0.476	1000
1	503	A	G	0.410	1000	0.169	1000
1	504	A	G	0.468	1000	0.242	1000
1	505	A	G	0.376	1000	0.105	1000
1	506	A	G	0.436	1000	0.474	1000
1	507	A	G	0.083	1000	0.466	1000
1	508	A	G	0.315	1000	0.333	1000
1	509	A	G	0.218	1000	0.288	1000
1	510	A	G	0.408	1000	0.219	1000
1	511	A	G	0.391	1000	0.148	1000
1	512	A	G	0.195	1000	0.003	1000
1	513	A	G	0.202	1000	0.160	1000
1	514	A	G	0.352	1000	0.039	1000
1	515	A	G	0.194	1000	0.158	1000
1	516	A	G	0.369	1000	0.124	1000
1	517	A	G	0.140	1000	0.470	1000
1	518	A	G	0.151	1000	0.222	1000
1	519	A	G	0.102	1000	0.451	1000
1	520	A	G	0.398	1000	0.023	1000
1	521	A	G	0.409	1000	0.352	1000
1	522	A	G	0.119	1000	0.001	1000
1	523	A	G	0.454	1000	0.065	1000
1	524	A	G	0.291	1000	0.216	1000
1	525	A	G	0.229	1000	0.273	1000
1	526	A	G	0.208	1000	0.058	1000
1	527	A	G	0.190	1000	0.240	1000
1	528	A	G	0.312	1000	0.102	1000
1	529	A	G	0.469	1000	0.298	1000
1	530	A	G	0.445	1000	0.370	1000
1	531	A	G	0.261	1000	0.220	1000
1	532	A	G	0.222	1000	0.300	1000
1	533	A	G	0.289	1000	0.016	1000
1	534	A	G	0.347	1000	0.122	1000
1	535	A	G	0.348	1000	0.184	1000
1	536	A	G	0.405	1000	0.403	1000
1	537	A	G	0.104	1000	0.072	1000
1	538	A	G	0.456	1000	0.047	1000
1	539	A	G	0.147	1000	0.212	1000
1	540	A	G	0.234	1000	0.307	1000
1	541	A	G	0.173	1000	0.423	1000
1	542	A	G	0.186	1000	0.197	1000
1	543	A	G	0.167	1000	0.498	1000
1	544	A	G	0.283	1000	0.194	1000
1	545	A	G	0.325	1000	0.157	1000
1	546	A	G	0.297	1000	0.119	1000
1	547	A	G	0.049	1000	0.383	1000
1	548	A	G	0.355	1000	0.484	1000
1	549	A	G	0.326	1000	0.296	1000
1	550	A	G	0.393	1000	0.050	1000
1	551	A	G	0.160	1000	0.229	1000
1	552	A	G	0.302	1000	0.275	1000
1	553	A	G	0.430	1000	0.282	1000
1	554	A	G	0.489	1000	0.461	1000
1	555	A	G	0.350	1000	0.220	1000
1	556	A	G	0.437	1000	0.155	1000
1	557	A	G	0.011	1000	0.121	1000
1	558	A	G	0.032	1000	0.087	1000
1	559	A	G	0.005	1000	0.359	1000
1	560	A	G	0.303	1000	0.189	1000
1	561	A	G	0.208	1000	0.074	1000
1	562	A	G	0.175	1000	0.073	1000
1	563	A	G	0.223	1000	0.303	1000
1	564	A	G	0.196	1000	0.345	1000
1	565	A	G	0.169	1000	0.128	1000
1	566	A	G	0.063	1000	0.172	1000
1	567	A	G	0.344	1000	0.473	1000
1	568	A	G	0.109	1000	0.308	1000
1	569	A	G	0.116	1000	0.362	1000
1	570	A	G	0.033	1000	0.144	1000
1	571	A	G	0.281	1000	0.341	1000
1	572	A	G	0.447	1000	0.345	1000
1	573	A	G	0.021	1000	0.286	1000
1	574	A	G	0.325	1000	0.149	1000
1	575	A	G	0.408	1000	0.156	1000
1	576	A	G	0.363	1000	0.265	1000
1	577	A	G	0.185	1000	0.424	1000
1	578	A	G	0.120	1000	0.147	1000
1	579	A	G	0.295	1000	0.419	1000
1	580	A	G	0.252	1000	0.268	1000
1	581	A	G	0.161	1000	0.179	1000
1	582	A	G	0.145	1000	0.406	1000
1	583	A	G	0.148	1000	0.141	1000
1	584	A	G	0.062	1000	0.218	1000
1	585	A	G	0.343	1000	0.244	1000
1	586	A	G	0.026	1000	0.366	1000
1	587	A	G	0.150	1000	0.339	1000
1	588	A	G	0.291	1000	0.366	1000
1	589	A	G	0.247	1000	0.125	1000
1	590	A	G	0.091	1000	0.089	1000
1	591	A	G	0.255	1000	0.298	1000
1	592	A	G	0.310	1000	0.115	1000
1	593	A	G	0.110	1000	0.072	1000
1	594	A	G	0.327	1000	0.394	1000
1	595	A	G	0.122	1000	0.164	1000
1	596	A	G	0.450	1000	0.356	1000
1	597	A	G	0.025	1000	0.151	1000
1	598	A	G	0.426	1000	0.482	1000
1	599	A	G	0.307	1000	0.361	1000
1	600	A	G	0.033	1000	0.397	1000
1	601	A	G	0.076	1000	0.374	1000
1	602	A	G	0.392	1000	0.062	1000
1	603	A	G	0.459	1000	0.296	1000
1	604	A	G	0.465	1000	0.359	1000
1	605	A	G	0.210	1000	0.203	1000
1	606	A	G	0.057	1000	0.398	1000
1	607	A	G	0.403	1000	0.459	1000
1	608	A	G	0.297	1000	0.433	1000
1	609	A	G	0.371	1000	0.262	1000
1	610	A	G	0.022	1000	0.237	1000
1	611	A	G	0.020	1000	0.269	1000
1	612	A	G	0.344	1000	0.131	1000
1	613	A	G	0.423	1000	0.439	1000
1	614	A	G	0.194	1000	0.153	1000
1	615	A	G	0.423	1000	0.352	1000
1	616	A	G	0.347	1000	0.064	1000
1	617	A	G	0.280	1000	0.221	1000
1	618	A	G	0.196	1000	0.315	1000
1	619	A	G	0.477	1000	0.467	1000
1	620	A	G	0.256	1000	0.150	1000
1	621	A	G	0.275	1000	0.136	1000
1	622	A	G	0.379	1000	0.413	1000
1	623	A	G	0.158	1000	0.272	1000
1	624	A	G	0.232	1000	0.155	1000
1	625	A	G	0.211	1000	0.461	1000
1	626	A	G	0.448	1000	0.459	1000
1	627	A	G	0.117	1000	0.485	1000
1	628	A	G	0.462	1000	0.291	1000
1	629	A	G	0.443	1000	0.495	1000
1	630	A	G	0.002	1000	0.219	1000
1	631	A	G	0.451	1000	0.208	1000
1	632	A	G	0.032	1000	0.237	1000
1	633	A	G	0.075	1000	0.170	1000
1	634	A	G	0.119	1000	0.091	1000
1	635	A	G	0.217	1000	0.099	1000
1	636	A	G	0.112	1000	0.265	1000
1	637	A	G	0.448	1000	0.493	1000
1	638	A	G	0.200	1000	0.100	1000
1	639	A	G	0.137	1000	0.140	1000
1	640	A	G	0.149	1000	0.156	1000
1	641	A	G	0.117	1000	0.355	1000
1	642	A	G	0.477	1000	0.263	1000
1	643	A	G	0.062	1000	0.379	1000
1	644	A	G	0.261	1000	0.199	1000
1	645	A	G	0.177	1000	0.441	1000
1	646	A	G	0.452	1000	0.276	1000
1	647	A	G	0.270	1000	0.349	1000
1	648	A	G	0.460	1000	0.487	1000
1	649	A	G	0.031	1000	0.060	1000
1	650	A	G	0.323	1000	0.269	1000
1	651	A	G	0.370	1000	0.438	1000
1	652	A	G	0.244	1000	0.226	1000
1	653	A	G	0.279	1000	0.359	1000
1	654	A	G	0.126	1000	0.334	1000
1	655	A	G	0.070	1000	0.355	1000
1	656	A	G	0.160	1000	0.495	1000
1	657	A	G	0.248	1000	0.153	1000
1	658	A	G	0.419	1000	0.185	1000
1	659	A	G	0.324	1000	0.437	1000
1	660	A	G	0.476	1000	0.102	1000
1	661	A	G	0.402	1000	0.453	1000
1	662	A	G	0.102	1000	0.094	1000
1	663	A	G	0.439	1000	0.387	1000
1	664	A	G	0.140	1000	0.474	1000
1	665	A	G	0.333	1000	0.327	1000
1	666	A	G	0.185	1000	0.253	1000
1	667	A	G	0.307	1000	0.411	1000
1	668	A	G	0.341	1000	0.163	1000
1	669	A	G	0.370	1000	0.330	1000
1	670	A	G	0.244	1000	0.342	1000
1	671	A	G	0.208	1000	0.339	1000
1	672	A	G	0.029	1000	0.068	1000
1	673	A	G	0.146	1000	0.074	1000
1	674	A	G	0.328	1000	0.483	1000
1	675	A	G	0.218	1000	0.467	1000
1	676	A	G	0.442	1000	0.147	1000
1	677	A	G	0.033	1000	0.346	1000
1	678	A	G	0.104	1000	0.207	1000
1	679	A	G	0.331	1000	0.368	1000
1	680	A	G	0.176	1000	0.089	1000
1	681	A	G	0.118	1000	0.484	1000
1	682	A	G	0.176	1000	0.108	1000
1	683	A	G	0.343	1000	0.187	1000
1	684	A	G	0.179	1000	0.421	1000
1	685	A	G	0.289	1000	0.434	1000
1	686	A	G	0.051	1000	0.383	1000
1	687	A	G	0.035	1000	0.359	1000
1	688	A	G	0.396	1000	0.453	1000
1	689	A	G	0.227	1000	0.265	1000
1	690	A	G	0.141	1000	0.361	1000
1	691	A	G	0.486	1000	0.257	1000
1	692	A	G	0.288	1000	0.434	1000
1	693	A	G	0.313	1000	0.099	1000
1	694	A	G	0.314	1000	0.089	1000
1	695	A	G	0.423	1000	0.379	1000
1	696	A	G	0.460	1000	0.438	1000
1	697	A	G	0.195	1000	0.046	1000
1	698	A	G	0.076	1000	0.389	1000
1	699	A	G	0.005	1000	0.407	1000
1	700	A	G	0.002	1000	0.269	1000
1	701	A	G	0.310	1000	0.299	1000
1	702	A	G	0.452	1000	0.209	1000
1	703	A	G	0.267	1000	0.265	1000
1	704	A	G	0.300	1000	0.165	1000
1	705	A	G	0.050	1000	0.072	1000
1	706	A	G	0.208	1000	0.371	1000
1	707	A	G	0.234	1000	0.118	1000
1	708	A	G	0.376	1000	0.420	1000
1	709	A	G	0.267	1000	0.412	1000
1	710	A	G	0.235	1000	0.214	1000
1	711	A	G	0.384	1000	0.191	1000
1	712	A	G	0.137	1000	0.469	1000
1	713	A	G	0.371	1000	0.339	1000
1	714	A	G	0.415	1000	0.194	1000
1	715	A	G	0.033	1000	0.288	1000
1	716	A	G	0.325	1000	0.255	1000
1	717	A	G	0.272	1000	0.359	1000
1	718	A	G	0.165	1000	0.443	1000
1	719	A	G	0.327	1000	0.099	1000
1	720	A	G	0.103	1000	0.165	1000
1	721	A	G	0.038	1000	0.234	1000
1	722	A	G	0.112	1000	0.063	1000
1	723	A	G	0.201	1000	0.059	1000
1	724	A	G	0.001	1000	0.089	1000
1	725	A	G	0.395	1000	0.355	1000
1	726	A	G	0.049	1000	0.063	1000
1	727	A	G	0.376	1000	0.252	1000
1	728	A	G	0.157	1000	0.091	1000
1	729	A	G	0.078	1000	0.279	1000
1	730	A	G	0.429	1000	0.291	1000
1	731	A	G	0.379	1000	0.393	1000
1	732	A	G	0.416	1000	0.296	1000
1	733	A	G	0.212	1000	0.321	1000
1	734	A	G	0.130	1000	0.432	1000
1	735	A	G	0.437	1000	0.465	1000
1	736	A	G	0.014	1000	0.316	1000
1	737	A	G	0.476	1000	0.402	1000
1	738	A	G	0.379	1000	0.102	1000
1	739	A	G	0.018	1000	0.236	1000
1	740	A	G	0.262	1000	0.469	1000
1	741	A	G	0.254	1000	0.258	1000
1	742	A	G	0.351	1000	0.070	1000
1	743	A	G	0.491	1000	0.468	1000
1	744	A	G	0.017	1000	0.482	1000
1	745	A	G	0.106	1000	0.376	1000
1	746	A	G	0.246	1000	0.087	1000
1	747	A	G	0.311	1000	0.378	1000
1	748	A	G	0.307	1000	0.207	1000
1	749	A	G	0.468	1000	0.379	1000
1	750	A	G	0.312	1000	0.486	1000
1	751	A	G	0.463	1000	0.155	1000
1	752	A	G	0.207	1000	0.384	1000
1	753	A	G	0.424	1000	0.448	1000
1	754	A	G	0.061	1000	0.252	1000
1	755	A	G	0.018	1000	0.058	1000
1	756	A	G	0.339	1000	0.162	1000
1	757	A	G	0.328	1000	0.434	1000
1	758	A	G	0.140	1000	0.356	1000
1	759	A	G	0.346	1000	0.479	1000
1	760	A	G	0.344	1000	0.056	1000
1	761	A	G	0.190	1000	0.189	1000
1	762	A	G	0.147	1000	0.165	1000
1	763	A	G	0.002	1000	0.251	1000
1	764	A	G	0.183	1000	0.274	1000
1	765	A	G	0.054	1000	0.346	1000
1	766	A	G	0.216	1000	0.451	1000
1	767	A	G	0.209	1000	0.200	1000
1	768	A	G	0.050	1000	0.424	1000
1	769	A	G	0.232	1000	0.322	1000
1	770	A	G	0.237	1000	0.146	1000
1	771	A	G	0.170	1000	0.232	1000
1	772	A	G	0.363	1000	0.413	1000
1	773	A	G	0.477	1000	0.404	1000
1	774	A	G	0.093	1000	0.202	1000
1	775	A	G	0.306	1000	0.493	1000
1	776	A	G	0.005	1000	0.227	1000
1	777	A	G	0.490	1000	0.092	1000
1	778	A	G	0.067	1000	0.063	1000
1	779	A	G	0.419	1000	0.238	1000
1	780	A	G	0.207	1000	0.448	1000
1	781	A	G	0.322	1000	0.375	1000
1	782	A	G	0.486	1000	0.239	1000
1	783	A	G	0.038	1000	0.358	1000
1	784	A	G	0.123	1000	0.325	1000
1	785	A	G	0.293	1000	0.297	1000
1	786	A	G	0.451	1000	0.431	1000
1	787	A	G	0.097	1000	0.208	1000
1	788	A	G	0.318	1000	0.182	1000
1	789	A	G	0.428	1000	0.302	1000
1	790	A	G	0.379	1000	0.214	1000
1	791	A	G	0.070	1000	0.327	1000
1	792	A	G	0.024	1000	0.166	1000
1	793	A	G	0.265	1000	0.400	1000
1	794	A	G	0.225	1000	0.050	1000
1	795	A	G	0.409	1000	0.300	1000
1	796	A	G	0.195	1000	0.426	1000
1	797	A	G	0.130	1000	0.270	1000
1	798	A	G	0.275	1000	0.248	1000
1	799	A	G	0.424	1000	0.075	1000
1	800	A	G	0.019	1000	0.233	1000
1	801	A	G	0.392	1000	0.413	1000
1	802	A	G	0.381	1000	0.499	1000
1	803	A	G	0.406	1000	0.275	1000
1	804	A	G	0.134	1000	0.053	1000
1	805	A	G	0.298	1000	0.310	1000
1	806	A	G	0.290	1000	0.100	1000
1	807	A	G	0.234	1000	0.139	1000
1	808	A	G	0.487	1000	0.113	1000
1	809	A	G	0.448	1000	0.160	1000
1	810	A	G	0.381	1000	0.174	1000
1	811	A	G	0.466	1000	0.395	1000
1	812	A	G	0.343	1000	0.259	1000
1	813	A	G	0.124	1000	0.274	1000
1	814	A	G	0.443	1000	0.268	1000
1	815	A	G	0.405	1000	0.223	1000
1	816	A	G	0.313	1000	0.377	1000
1	817	A	G	0.383	1000	0.117	1000
1	818	A	G	0.277	1000	0.469	1000
1	819	A	G	0.465	1000	0.102	1000
1	820	A	G	0.084	1000	0.287	1000
1	821	A	G	0.416	1000	0.130	1000
1	822	A	G	0.329	1000	0.350	1000
1	823	A	G	0.014	1000	0.242	1000
1	824	A	G	0.219	1000	0.394	1000
1	825	A	G	0.184	1000	0.458	1000
1	826	A	G	0.190	1000	0.109	1000
1	827	A	G	0.466	1000	0.273	1000
1	828	A	G	0.059	1000	0.388	1000
1	829	A	G	0.387	1000	0.117	1000
1	830	A	G	0.418	1000	0.074	1000
1	831	A	G	0.085	1000	0.301	1000
1	832	A	G	0.343	1000	0.332	1000
1	833	A	G	0.106	1000	0.329	1000
1	834	A	G	0.405	1000	0.243	1000
1	835	A	G	0.483	1000	0.135	1000
1	836	A	G	0.084	1000	0.235	1000
1	837	A	G	0.424	1000	0.119	1000
1	838	A	G	0.173	1000	0.370	1000
1	839	A	G	0.014	1000	0.433	1000
1	840	A	G	0.325	1000	0.311	1000
1	841	A	G	0.189	1000	0.362	1000
1	842	A	G	0.106	1000	0.182	1000
1	843	A	G	0.187	1000	0.306	1000
1	844	A	G	0.003	1000	0.255	1000
1	845	A	G	0.266	1000	0.161	1000
1	846	A	G	0.337	1000	0.284	1000
1	847	A	G	0.117	1000	0.307	1000
1	848	A	G	0.437	1000	0.118	1000
1	849	A	G	0.456	1000	0.464	1000
1	850	A	G	0.127	1000	0.255	1000
1	851	A	G	0.233	1000	0.204	1000
1	852	G	A	0.132	1000	0.496	1000
1	853	A	G	0.491	1000	0.473	1000
1	854	A	G	0.430	1000	0.192	1000
1	855	A	G	0.491	1000	0.163	1000
1	856	A	G	0.053	1000	0.174	1000
1	857	A	G	0.435	1000	0.459	1000
1	858	A	G	0.340	1000	0.333	1000
1	859	A	G	0.246	1000	0.372	1000
1	860	A	G	0.170	1000	0.308	1000
1	861	A	G	0.252	1000	0.147	1000
1	862	A	G	0.267	1000	0.088	1000
1	863	A	G	0.264	1000	0.232	1000
1	864	A	G	0.165	1000	0.412	1000
1	865	A	G	0.406	1000	0.312	1000
1	866	A	G	0.359	1000	0.326	1000
1	867	A	G	0.359	1000	0.090	1000
1	868	A	G	0.076	1000	0.077	1000
1	869	A	G	0.364	1000	0.361	1000
1	870	A	G	0.209	1000	0.461	1000
1	871	A	G	0.425	1000	0.365	1000
1	872	A	G	0.494	1000	0.149	1000
1	873	A	G	0.201	1000	0.474	1000
1	874	A	G	0.441	1000	0.263	1000
1	875	A	G	0.077	1000	0.407	1000
1	876	A	G	0.140	1000	0.260	1000
1	877	A	G	0.124	1000	0.420	1000
1	878	A	G	0.104	1000	0.052	1000
1	879	A	G	0.174	1000	0.472	1000
1	880	A	G	0.374	1000	0.126	1000
1	881	A	G	0.001	1000	0.358	1000
1	882	A	G	0.333	1000	0.202	1000
1	883	A	G	0.319	1000	0.367	1000
1	884	A	G	0.294	1000	0.222	1000
1	885	A	G	0.043	1000	0.290	1000
1	886	A	G	0.122	1000	0.395	1000
1	887	A	G	0.477	1000	0.438	1000
1	888	A	G	0.209	1000	0.225	1000
1	889	A	G	0.438	1000	0.409	1000
1	890	A	G	0.077	1000	0.054	1000
1	891	A	G	0.036	1000	0.383	1000
1	892	A	G	0.421	1000	0.108	1000
1	893	A	G	0.312	1000	0.137	1000
1	894	A	G	0.272	1000	0.086	1000
1	895	A	G	0.255	1000	0.061	1000
1	896	A	G	0.042	1000	0.135	1000
1	897	A	G	0.039	1000	0.364	1000
1	898	A	G	0.251	1000	0.178	1000
1	899	A	G	0.461	1000	0.123	1000
1	900	A	G	0.123	1000	0.141	1000
1	901	A	G	0.248	1000	0.399	1000
1	902	A	G	0.136	1000	0.101	1000
1	903	A	G	0.222	1000	0.423	1000
1	904	A	G	0.022	1000	0.190	1000
1	905	A	G	0.219	1000	0.182	1000
1	906	A	G	0.066	1000	0.081	1000
1	907	A	G	0.293	1000	0.175	1000
1	908	A	G	0.075	1000	0.303	1000
1	909	A	G	0.057	1000	0.406	1000
1	910	A	G	0.211	1000	0.109	1000
1	911	A	G	0.226	1000	0.452	1000
1	912	A	G	0.201	1000	0.136	1000
1	913	A	G	0.411	1000	0.478	1000
1	914	A	G	0.142	1000	0.367	1000
1	915	A	G	0.404	1000	0.248	1000
1	916	A	G	0.211	1000	0.413	1000
1	917	A	G	0.055	1000	0.116	1000
1	918	A	G	0.016	1000	0.188	1000
1	919	A	G	0.059	1000	0.320	1000
1	920	A	G	0.182	1000	0.215	1000
1	921	A	G	0.417	1000	0.104	1000
1	922	A	G	0.469	1000	0.381	1000
1	923	A	G	0.498	1000	0.245	1000
1	924	A	G	0.208	1000	0.305	1000
1	925	A	G	0.028	1000	0.294	1000
1	926	A	G	0.330	1000	0.188	1000
1	927	A	G	0.103	1000	0.144	1000
1	928	A	G	0.407	1000	0.093	1000
1	929	A	G	0.328	1000	0.252	1000
1	930	A	G	0.107	1000	0.454	1000
1	931	A	G	0.323	1000	0.140	1000
1	932	A	G	0.185	1000	0.344	1000
1	933	A	G	0.186	1000	0.132	1000
1	934	A	G	0.440	1000	0.437	1000
1	935	A	G	0.118	1000	0.136	1000
1	936	A	G	0.272	1000	0.321	1000
1	937	A	G	0.393	1000	0.060	1000
1	938	A	G	0.046	1000	0.226	1000
1	939	A	G	0.306	1000	0.270	1000
1	940	A	G	0.262	1000	0.341	1000
1	941	A	G	0.397	1000	0.463	1000
1	942	A	G	0.391	1000	0.318	1000
1	943	A	G	0.113	1000	0.259	1000
1	944	A	G	0.359	1000	0.390	1000
1	945	A	G	0.170	1000	0.070	1000
1	946	A	G	0.286	1000	0.469	1000
1	947	A	G	0.131	1000	0.363	1000
1	948	A	G	0.457	1000	0.301	1000
1	949	A	G	0.474	1000	0.390	1000
1	950	A	G	0.381	1000	0.284	1000
1	951	A	G	0.308	1000	0.187	1000
1	952	A	G	0.471	1000	0.204	1000
1	953	A	G	0.260	1000	0.177	1000
1	954	A	G	0.118	1000	0.144	1000
1	955	A	G	0.440	1000	0.204	1000
1	956	A	G	0.166	1000	0.273	1000
1	957	A	G	0.493	1000	0.260	1000
1	958	A	G	0.111	1000	0.130	1000
1	959	A	G	0.044	1000	0.270	1000
1	960	A	G	0.211	1000	0.204	1000
1	961	A	G	0.318	1000	0.252	1000
1	962	A	G	0.025	1000	0.261	1000
1	963	A	G	0.433	1000	0.268	1000
1	964	A	G	0.245	1000	0.347	1000
1	965	A	G	0.317	1000	0.237	1000
1	966	A	G	0.162	1000	0.258	1000
1	967	A	G	0.027	1000	0.342	1000
1	968	A	G	0.056	1000	0.215	1000
1	969	A	G	0.169	1000	0.090	1000
1	970	A	G	0.386	1000	0.391	1000
1	971	A	G	0.179	1000	0.337	1000
1	972	A	G	0.040	1000	0.479	1000
1	973	A	G	0.075	1000	0.394	1000
1	974	A	G	0.132	1000	0.435	1000
1	975	A	G	0.071	1000	0.318	1000
1	976	A	G	0.213	1000	0.352	1000
1	977	A	G	0.319	1000	0.316	1000
1	978	A	G	0.081	1000	0.239	1000
1	979	A	G	0.188	1000	0.317	1000
1	980	A	G	0.034	1000	0.453	1000
1	981	A	G	0.224	1000	0.109	1000
1	982	A	G	0.257	1000	0.236	1000
1	983	A	G	0.015	1000	0.411	1000
1	984	A	G	0.304	1000	0.467	1000
1	985	A	G	0.041	1000	0.228	1000
1	986	A	G	0.328	1000	0.216	1000
1	987	A	G	0.070	1000	0.058	1000
1	988	A	G	0.230	1000	0.374	1000
1	989	A	G	0.061	1000	0.226	1000
1	990	A	G	0.016	1000	0.058	1000
1	991	A	G	0.479	1000	0.300	1000
1	992	A	G	0.134	1000	0.174	1000
1	993	A	G	0.235	1000	0.143	1000
1	994	A	G	0.142	1000	0.314	1000
1	995	A	G	0.111	1000	0.150	1000
1	996	A	G	0.121	1000	0.443	1000
1	997	A	G	0.416	1000	0.252	1000
1	998	A	G	0.086	1000	0.162	1000
1	999	A	G	0.344	1000	0.211	1000
1	1000	A	G	0.397	1000	0.104	1000
1	1001	A	G	0.201	1000	0.089	1000
1	1002	A	G	0.221	1000	0.464	1000
1	1003	A	G	0.349	1000	0.046	1000
1	1004	A	G	0.187	1000	0.204	1000
1	1005	A	G	0.364	1000	0.330	1000
1	1006	A	G	0.216	1000	0.166	1000
1	1007	A	G	0.182	1000	0.116	1000
1	1008	A	G	0.059	1000	0.365	1000
1	1009	A	G	0.232	1000	0.496	1000
1	1010	G	A	0.178	1000	0.497	1000
1	1011	A	G	0.008	1000	0.234	1000
1	1012	A	G	0.013	1000	0.436	1000
1	1013	A	G	0.259	1000	0.347	1000
1	1014	A	G	0.372	1000	0.203	1000
1	1015	A	G	0.064	1000	0.430	1000
1	1016	A	G	0.495	1000	0.283	1000
1	1017	A	G	0.349	1000	0.051	1000
1	1018	A	G	0.295	1000	0.374	1000
1	1019	A	G	0.492	1000	0.235	1000
1	1020	A	G	0.067	1000	0.378	1000
1	1021	A	G	0.407	1000	0.048	1000
1	1022	A	G	0.318	1000	0.120	1000
1	1023	A	G	0.020	1000	0.110	1000
1	1024	A	G	0.155	1000	0.182	1000
1	1025	A	G	0.292	1000	0.419	1000
1	1026	A	G	0.252	1000	0.449	1000
1	1027	A	G	0.310	1000	0.281	1000
1	1028	A	G	0.280	1000	0.379	1000
1	1029	A	G	0.295	1000	0.322	1000
1	1030	A	G	0.480	1000	0.275	1000
1	1031	A	G	0.449	1000	0.413	1000
1	1032	A	G	0.152	1000	0.344	1000
1	1033	A	G	0.036	1000	0.417	1000
1	1034	A	G	0.066	1000	0.159	1000
1	1035	A	G	0.437	1000	0.096	1000
1	1036	A	G	0.095	1000	0.144	1000
1	1037	A	G	0.200	1000	0.243	1000
1	1038	A	G	0.404	1000	0.054	1000
1	1039	A	G	0.061	1000	0.191	1000
1	1040	A	G	0.006	1000	0.383	1000
1	1041	A	G	0.142	1000	0.327	1000
1	1042	A	G	0.000	1000	0.127	1000
1	1043	A	G	0.088	1000	0.378	1000
1	1044	A	G	0.354	1000	0.460	1000
1	1045	A	G	0.238	1000	0.403	1000
1	1046	A	G	0.128	1000	0.421	1000
1	1047	A	G	0.129	1000	0.218	1000
1	1048	A	G	0.422	1000	0.213	1000
1	1049	A	G	0.413	1000	0.281	1000
1	1050	A	G	0.459	1000	0.297	1000
1	1051	A	G	0.359	1000	0.301	1000
1	1052	A	G	0.308	1000	0.483	1000
1	1053	A	G	0.191	1000	0.413	1000
1	1054	A	G	0.349	1000	0.356	1000
1	1055	A	G	0.301	1000	0.179	1000
1	1056	A	G	0.454	1000	0.095	1000
1	1057	A	G	0.430	1000	0.254	1000
1	1058	A	G	0.237	1000	0.270	1000
1	1059	A	G	0.121	1000	0.073	1000
1	1060	A	G	0.286	1000	0.257	1000
1	1061	A	G	0.446	1000	0.230	1000
1	1062	G	A	0.160	1000	0.477	1000
1	1063	A	G	0.339	1000	0.417	1000
1	1064	A	G	0.443	1000	0.202	1000
1	1065	A	G	0.496	1000	0.198	1000
1	1066	A	G	0.354	1000	0.071	1000
1	1067	A	G	0.136	1000	0.221	1000
1	1068	A	G	0.406	1000	0.349	1000
1	1069	G	A	0.223	1000	0.482	1000
1	1070	A	G	0.409	1000	0.467	1000
1	1071	A	G	0.155	1000	0.374	1000
1	1072	A	G	0.427	1000	0.064	1000
1	1073	A	G	0.001	1000	0.207	1000
1	1074	A	G	0.233	1000	0.237	1000
1	1075	A	G	0.313	1000	0.465	1000
1	1076	A	G	0.406	1000	0.363	1000
1	1077	A	G	0.262	1000	0.370	1000
1	1078	A	G	0.460	1000	0.232	1000
1	1079	A	G	0.079	1000	0.260	1000
1	1080	A	G	0.220	1000	0.077	1000
1	1081	A	G	0.379	1000	0.482	1000
1	1082	A	G	0.357	1000	0.382	1000
1	1083	A	G	0.310	1000	0.254	1000
1	1084	A	G	0.227	1000	0.146	1000
1	1085	A	G	0.091	1000	0.298	1000
1	1086	A	G	0.388	1000	0.097	1000
1	1087	A	G	0.480	1000	0.495	1000
1	1088	A	G	0.053	1000	0.096	1000
1	1089	A	G	0.391	1000	0.491	1000
1	1090	A	G	0.209	1000	0.060	1000
1	1091	A	G	0.056	1000	0.493	1000
1	1092	A	G	0.235	1000	0.427	1000
1	1093	A	G	0.163	1000	0.138	1000
1	1094	A	G	0.206	1000	0.291	1000
1	1095	A	G	0.342	1000	0.059	1000
1	1096	A	G	0.384	1000	0.326	1000
1	1097	A	G	0.381	1000	0.075	1000
1	1098	A	G	0.203	1000	0.214	1000
1	1099	A	G	0.217	1000	0.371	1000
1	1100	A	G	0.463	1000	0.047	1000
